date,open,close,high,low,volume
2019-01-02,9.45,9.33,9.55,9.32,9632.0
2019-01-03,9.41,9.69,9.88,9.34,31823.96
2019-01-04,9.56,9.72,9.82,9.47,18589.96
2019-01-07,9.75,9.79,9.88,9.68,17215.88
2019-01-08,9.86,10.28,10.47,9.8,83641.96
2019-01-09,10.21,10.09,10.53,10.03,64826.96
2019-01-10,9.95,9.51,10.05,9.42,74650.92
2019-01-11,9.41,9.39,9.49,9.26,50367.0
2019-01-14,9.39,9.12,9.47,9.07,37289.65
2019-01-15,9.1,9.18,9.19,8.97,24195.0
2019-01-16,9.17,9.15,9.19,9.01,18344.53
2019-01-17,9.12,8.81,9.15,8.81,23627.0
2019-01-18,8.82,8.78,8.91,8.55,28515.0
2019-01-21,8.78,8.88,8.89,8.76,15473.16
2019-01-22,8.88,8.81,8.93,8.78,12759.57
2019-01-23,8.81,8.89,8.92,8.76,13484.12
2019-01-24,8.9,8.99,9.05,8.89,15253.0
2019-01-25,9.0,8.81,9.03,8.81,14471.0
2019-01-28,8.87,8.6,8.88,8.6,14268.0
2019-01-29,8.72,8.36,8.72,8.24,15997.57
2019-01-30,8.36,8.32,8.45,8.31,8150.0
2019-01-31,8.33,8.12,8.41,8.04,12093.57
2019-02-01,8.14,8.4,8.41,8.14,9452.92
2019-02-11,8.41,8.6,8.63,8.39,10963.0
2019-02-12,8.65,8.66,8.7,8.58,15006.0
2019-02-13,8.6,8.81,8.81,8.6,18552.04
2019-02-14,8.81,8.9,8.97,8.69,21086.57
2019-02-15,8.88,8.92,8.97,8.83,15579.0
2019-02-18,8.93,9.44,9.57,8.93,51448.9
2019-02-19,9.45,9.85,9.98,9.36,86360.8
2019-02-20,9.85,9.73,9.92,9.61,29452.0
2019-02-21,9.72,9.78,9.96,9.62,31412.0
2019-02-22,9.84,9.98,10.25,9.68,73410.0
2019-02-25,9.98,10.11,10.52,9.9,135938.57
2019-02-26,9.98,9.63,10.04,9.59,113280.11
2019-02-27,9.59,9.49,9.72,9.41,47044.12
2019-02-28,9.49,9.61,9.65,9.47,23282.0
2019-03-01,9.6,9.61,9.64,9.49,19765.53
2019-03-04,9.65,9.7,9.83,9.59,44048.46
2019-03-05,9.63,9.82,9.84,9.6,33914.99
2019-03-06,9.82,10.01,10.05,9.7,59279.15
2019-03-07,10.01,10.08,10.15,9.9,57737.15
2019-03-08,9.93,9.66,10.01,9.63,43512.0
2019-03-11,9.68,10.03,10.05,9.67,42836.46
2019-03-12,10.36,10.27,10.8,10.08,86736.29
2019-03-13,10.29,9.99,10.38,9.92,50124.0
2019-03-14,9.96,9.63,10.0,9.51,36643.1
2019-03-15,9.7,9.74,9.79,9.61,25217.0
2019-03-18,9.75,10.06,10.06,9.65,31733.96
2019-03-19,10.06,10.08,10.13,9.99,30366.96
2019-03-20,10.14,10.18,10.3,9.92,36029.0
2019-03-21,10.13,10.21,10.24,10.09,32802.96
2019-03-22,10.22,10.12,10.24,9.92,33205.42
2019-03-25,9.92,9.99,10.13,9.89,28673.46
2019-03-26,10.04,9.74,10.08,9.71,25201.46
2019-03-27,9.76,9.8,9.86,9.61,18995.0
2019-03-28,9.74,10.08,10.13,9.74,46370.5
2019-03-29,10.22,10.36,10.48,10.13,64311.8
2019-04-01,10.53,10.51,10.67,10.31,64480.46
2019-04-02,10.5,10.55,10.76,10.38,51424.0
2019-04-03,10.54,10.65,10.66,10.46,42847.58
2019-04-04,10.67,10.52,10.7,10.36,48668.0
2019-04-08,10.67,10.69,11.18,10.57,79276.0
2019-04-09,10.7,10.46,10.74,10.36,47046.17
2019-04-10,10.41,10.35,10.44,10.22,33439.46
2019-04-11,10.35,10.14,10.41,10.08,30527.0
2019-04-12,10.14,10.13,10.18,10.03,18067.0
2019-04-15,10.21,10.02,10.36,10.01,25404.45
2019-04-16,10.02,10.26,10.28,9.95,21993.45
2019-04-17,10.21,10.32,10.4,10.19,24135.0
2019-04-18,10.28,10.33,10.39,10.2,20295.0
2019-04-19,10.38,10.22,10.39,10.08,22199.0
2019-04-22,11.0,10.34,11.0,10.34,46045.0
2019-04-23,10.32,10.07,10.44,10.03,25827.0
2019-04-24,10.1,10.14,10.17,9.99,13828.0
2019-04-25,10.13,9.66,10.14,9.65,21955.0
2019-04-26,9.63,9.48,9.63,9.4,18117.0
2019-04-29,9.49,9.16,9.49,9.04,18059.0
2019-04-30,9.09,9.22,9.31,9.08,9168.0
2019-05-06,9.08,8.61,9.08,8.39,17285.0
2019-05-07,8.66,8.79,8.82,8.62,15284.07
2019-05-08,8.65,8.78,8.95,8.56,11074.07
2019-05-09,8.68,8.73,8.82,8.67,6562.0
2019-05-10,8.79,8.89,8.93,8.6,19168.07
2019-05-13,8.92,8.79,8.92,8.73,10089.0
2019-05-14,8.61,8.7,8.78,8.61,8528.9
2019-05-15,8.78,8.89,8.95,8.78,12766.07
2019-05-16,8.9,8.95,9.03,8.83,10665.07
2019-05-17,9.01,8.65,9.01,8.6,16310.0
2019-05-20,8.64,8.7,8.74,8.5,8642.07
2019-05-21,8.6,8.76,8.82,8.6,8101.0
2019-05-22,8.72,8.68,8.83,8.64,9155.0
2019-05-23,8.64,8.47,8.68,8.43,10883.0
2019-05-24,8.5,8.49,8.54,8.45,5370.0
2019-05-27,8.53,8.74,8.76,8.51,12876.96
2019-05-28,8.76,8.76,8.81,8.72,10179.0
2019-05-29,8.75,8.83,8.86,8.71,8603.0
2019-05-30,8.76,8.89,8.91,8.69,9104.0
2019-05-31,8.92,8.86,8.93,8.78,8136.0
2019-06-03,8.86,8.71,8.95,8.64,9771.0
2019-06-04,8.67,8.69,8.77,8.63,6221.12
2019-06-05,8.76,8.67,8.77,8.64,7738.0
2019-06-06,8.67,8.53,8.67,8.48,8543.0
2019-06-10,8.63,8.57,8.64,8.49,5339.0
2019-06-11,8.59,8.82,8.82,8.52,15627.0
2019-06-12,8.81,8.83,8.87,8.75,10206.48
2019-06-13,8.84,8.89,8.9,8.75,8549.92
2019-06-14,8.93,8.69,8.94,8.69,9307.72
2019-06-17,8.74,8.76,8.81,8.59,6519.38
2019-06-18,8.76,8.81,8.91,8.76,5713.84
2019-06-19,8.9,8.83,8.95,8.83,10092.42
2019-06-20,8.89,9.44,9.5,8.85,48719.41
2019-06-21,9.43,9.33,9.43,9.22,32962.87
2019-06-24,9.36,9.38,9.46,9.26,23437.25
2019-06-25,9.43,9.16,9.43,9.1,18171.12
2019-06-26,9.16,9.27,9.28,9.03,14724.36
2019-06-27,9.36,9.27,9.36,9.22,11292.0
2019-06-28,9.24,9.22,9.28,9.14,8407.0
2019-07-01,9.34,9.33,9.36,9.23,27980.9
2019-07-02,9.31,9.21,9.31,9.14,12769.0
2019-07-03,9.23,9.1,9.24,9.05,11567.0
2019-07-04,9.14,9.1,9.15,9.04,7216.0
2019-07-05,9.06,9.12,9.12,9.05,7197.86
2019-07-08,9.13,8.57,9.13,8.55,22070.15
2019-07-09,8.61,8.55,8.61,8.41,9948.12
2019-07-10,8.6,8.55,8.62,8.47,5977.0
2019-07-11,8.63,8.59,8.64,8.54,8315.12
2019-07-12,8.63,8.66,8.78,8.54,9008.96
2019-07-15,8.55,8.69,8.74,8.45,9393.83
2019-07-16,8.7,8.71,8.72,8.62,7612.0
2019-07-17,8.72,9.18,9.21,8.67,41907.12
2019-07-18,9.04,8.87,9.1,8.78,25807.12
2019-07-19,8.79,8.78,8.93,8.74,15056.79
2019-07-22,8.78,8.57,8.81,8.49,9642.0
2019-07-23,8.62,8.66,8.67,8.55,5394.74
2019-07-24,8.66,8.78,8.8,8.59,8369.0
2019-07-25,8.75,8.77,8.81,8.72,6218.0
2019-07-26,8.77,8.79,8.83,8.71,6023.32
2019-07-29,8.77,8.77,8.82,8.72,6036.0
2019-07-30,8.81,8.81,8.85,8.73,8936.0
2019-07-31,8.79,8.69,8.79,8.63,6582.74
2019-08-01,8.69,8.65,8.71,8.57,6450.92
2019-08-02,8.5,8.45,8.57,8.39,16110.12
2019-08-05,8.53,8.33,8.53,8.33,8861.0
2019-08-06,8.26,8.03,8.26,7.85,12352.0
2019-08-07,8.03,7.96,8.14,7.94,6480.0
2019-08-08,7.96,8.06,8.12,7.96,6030.79
2019-08-09,8.06,7.96,8.12,7.94,4201.0
2019-08-12,7.98,8.06,8.07,7.94,5289.79
2019-08-13,8.06,7.94,8.06,7.85,4124.54
2019-08-14,8.04,7.96,8.06,7.94,4188.0
2019-08-15,7.84,7.96,7.98,7.74,5556.0
2019-08-16,8.06,8.01,8.06,7.94,5044.54
2019-08-19,8.04,8.24,8.27,8.03,9275.0
2019-08-20,8.27,8.21,8.3,8.18,6392.0
2019-08-21,8.23,8.22,8.24,8.17,4048.0
2019-08-22,8.22,8.24,8.27,8.18,5892.28
2019-08-23,8.21,8.13,8.26,8.12,7170.0
2019-08-26,8.0,8.08,8.12,7.94,5056.33
2019-08-27,8.1,8.23,8.25,8.1,7234.77
2019-08-28,8.27,8.3,8.33,8.12,7155.0
2019-08-29,8.3,8.25,8.33,8.23,5424.79
2019-08-30,8.3,8.11,8.35,8.07,6279.54
2019-09-02,8.16,8.29,8.3,8.05,8749.56
2019-09-03,8.32,8.29,8.36,8.24,6000.54
2019-09-04,8.35,8.41,8.41,8.28,12923.5
2019-09-05,8.41,8.42,8.52,8.39,13191.0
2019-09-06,8.42,8.41,8.49,8.36,7808.39
2019-09-09,8.47,8.57,8.59,8.44,15397.0
2019-09-10,8.57,8.55,8.57,8.45,7975.7
2019-09-11,8.57,8.45,8.63,8.44,9689.6
2019-09-12,8.55,8.51,8.55,8.44,9254.65
2019-09-16,8.53,8.6,8.69,8.53,9573.28
2019-09-17,8.65,8.31,8.65,8.27,13417.26
2019-09-18,8.37,8.34,8.37,8.32,7062.94
2019-09-19,8.39,8.45,8.47,8.33,7193.11
2019-09-20,8.39,8.49,8.57,8.39,10093.7
2019-09-23,8.47,8.36,8.47,8.24,13031.39
2019-09-24,8.35,8.44,8.57,8.28,14376.83
2019-09-25,8.45,8.55,8.6,8.39,18471.61
2019-09-26,8.54,8.16,8.55,8.14,20051.0
2019-09-27,8.16,8.2,8.25,8.15,7362.4
2019-09-30,8.32,8.22,8.4,8.22,8634.4
2019-10-08,8.26,8.18,8.36,8.17,5747.94
2019-10-09,8.18,8.18,8.24,8.1,8333.02
2019-10-10,8.25,8.37,8.38,8.23,12896.22
2019-10-11,8.36,8.34,8.41,8.28,6171.53
2019-10-14,8.42,8.49,8.49,8.35,11843.0
2019-10-15,8.49,8.41,8.49,8.35,8012.81
2019-10-16,8.52,8.35,8.52,8.31,7640.8
2019-10-17,8.35,8.34,8.43,8.28,4493.0
2019-10-18,8.33,8.17,8.41,8.14,8616.79
2019-10-21,8.16,8.08,8.16,8.01,6307.21
2019-10-22,8.12,8.14,8.14,8.05,5863.67
2019-10-23,8.14,8.14,8.18,8.11,5496.0
2019-10-24,8.11,8.16,8.17,8.07,5238.0
2019-10-25,8.17,8.15,8.19,8.08,5913.0
2019-10-28,8.18,8.22,8.3,8.12,9940.0
2019-10-29,8.24,8.26,8.43,8.2,22616.35
2019-10-30,8.17,7.97,8.17,7.97,13273.0
2019-10-31,8.03,7.9,8.03,7.9,7990.14
2019-11-01,7.92,7.94,7.97,7.84,4799.0
2019-11-04,7.95,7.98,8.12,7.91,10652.1
2019-11-05,8.0,7.94,8.0,7.89,7016.41
2019-11-06,8.0,7.86,8.0,7.83,5783.0
2019-11-07,7.87,7.94,7.97,7.78,5400.0
2019-11-08,7.97,7.91,7.98,7.88,5126.0
2019-11-11,7.93,7.68,7.93,7.64,6913.0
2019-11-12,7.76,7.64,7.76,7.6,3814.41
2019-11-13,7.72,7.64,7.72,7.62,4163.0
2019-11-14,7.65,7.69,7.72,7.64,3141.0
2019-11-15,7.74,7.52,7.74,7.52,5319.0
2019-11-18,7.5,7.53,7.62,7.5,4137.96
2019-11-19,7.55,7.64,7.64,7.51,4621.14
2019-11-20,7.7,7.57,7.7,7.55,3309.09
2019-11-21,7.6,7.55,7.6,7.49,3267.0
2019-11-22,7.57,7.56,7.66,7.53,6255.5
2019-11-25,7.65,7.59,7.65,7.53,3366.0
2019-11-26,7.64,7.62,7.65,7.56,3286.0
2019-11-27,7.62,7.58,7.65,7.57,5063.0
2019-11-28,7.58,7.55,7.64,7.55,3554.0
2019-11-29,7.59,7.58,7.63,7.48,5858.8
2019-12-02,7.58,7.64,7.65,7.53,4662.0
2019-12-03,7.58,7.61,7.61,7.51,3805.5
2019-12-04,7.6,7.62,7.62,7.53,3238.51
2019-12-05,7.64,7.67,7.7,7.6,4869.51
2019-12-06,7.69,7.76,7.76,7.66,6597.28
2019-12-09,7.76,7.67,7.76,7.66,6396.0
2019-12-10,7.69,7.64,7.7,7.55,7293.0
2019-12-11,7.64,7.63,7.67,7.59,4493.45
2019-12-12,7.63,7.69,7.7,7.63,5578.25
2019-12-13,7.7,7.76,7.84,7.64,9077.98
2019-12-16,7.79,7.86,7.88,7.74,7322.0
2019-12-17,7.85,7.9,7.92,7.79,12728.0
2019-12-18,7.8,8.05,8.24,7.8,23353.6
2019-12-19,8.06,8.03,8.06,7.97,10272.27
2019-12-20,8.05,8.07,8.17,8.02,12868.05
2019-12-23,8.1,7.9,8.1,7.89,10242.14
2019-12-24,7.9,8.14,8.19,7.9,10267.0
2019-12-25,8.15,8.15,8.28,8.07,8233.6
2019-12-26,8.12,8.26,8.4,8.12,17780.39
2019-12-27,8.26,8.26,8.39,8.2,15639.4
2019-12-30,8.26,8.32,8.33,8.12,12592.8
2019-12-31,8.3,8.25,8.34,8.18,10303.9
2020-01-02,8.3,8.3,8.34,8.23,11515.19
2020-01-03,8.28,8.32,8.43,8.26,11174.0
2020-01-06,8.24,8.24,8.32,8.18,17509.0
2020-01-07,8.3,8.27,8.32,8.22,12140.41
2020-01-08,8.27,8.22,8.3,8.2,12335.96
2020-01-09,8.24,8.28,8.33,8.2,9079.0
2020-01-10,8.3,8.22,8.3,8.19,9565.0
2020-01-13,8.2,8.27,8.27,8.19,8074.0
2020-01-14,8.27,8.29,8.3,8.24,11038.45
2020-01-15,8.22,8.15,8.28,8.12,14088.0
2020-01-16,8.14,8.08,8.18,8.07,10765.98
2020-01-17,8.09,7.99,8.15,7.99,8080.92
2020-01-20,7.96,8.07,8.08,7.96,5536.02
2020-01-21,8.06,7.94,8.08,7.92,9764.05
2020-01-22,7.94,8.02,8.05,7.87,11852.0
2020-01-23,7.98,7.83,8.06,7.79,11780.69
2020-02-03,7.04,7.04,7.16,7.04,6683.0
2020-02-04,6.71,6.78,6.9,6.63,19715.0
2020-02-05,6.82,6.94,7.08,6.8,13065.0
2020-02-06,7.0,7.0,7.05,6.86,17762.57
2020-02-07,6.88,6.98,7.0,6.86,15370.0
2020-02-10,6.95,7.14,7.14,6.91,15471.0
2020-02-11,7.17,7.13,7.2,7.06,8403.96
2020-02-12,7.1,7.19,7.2,7.06,14461.0
2020-02-13,7.19,7.42,7.56,7.09,32308.9
2020-02-14,7.37,7.27,7.37,7.2,18458.95
2020-02-17,7.29,7.44,7.47,7.25,16799.97
2020-02-18,7.43,7.59,7.6,7.37,18579.56
2020-02-19,7.67,7.78,8.26,7.65,39681.95
2020-02-20,7.71,7.85,7.97,7.69,29365.0
2020-02-21,7.91,7.81,7.91,7.77,22001.28
2020-02-24,7.85,7.77,7.85,7.67,17686.96
2020-02-25,7.63,7.59,7.64,7.44,23587.51
2020-02-26,7.43,7.5,7.65,7.43,14112.76
2020-02-27,7.48,7.49,7.59,7.45,9580.0
2020-02-28,7.39,7.08,7.39,7.07,16501.23
2020-03-02,7.17,7.35,7.35,7.16,11307.83
2020-03-03,7.37,7.37,7.51,7.31,12836.4
2020-03-04,7.37,7.49,7.49,7.33,11987.4
2020-03-05,7.5,7.62,7.67,7.49,21193.87
2020-03-06,7.49,7.61,7.67,7.49,13886.5
2020-03-09,7.52,7.35,7.6,7.34,15915.0
2020-03-10,7.21,7.45,7.47,7.2,13045.0
2020-03-11,7.49,7.58,7.59,7.47,16740.5
2020-03-12,7.5,7.41,7.53,7.39,11540.55
2020-03-13,7.13,7.27,7.33,6.96,16291.02
2020-03-16,7.28,6.98,7.37,6.98,12722.0
2020-03-17,7.0,7.0,7.1,6.8,10228.48
2020-03-18,7.06,6.9,7.13,6.9,8334.5
2020-03-19,6.9,6.98,7.02,6.84,8553.5
2020-03-20,7.0,7.26,7.31,7.0,14091.0
2020-03-23,7.03,7.08,7.23,7.03,12850.0
2020-03-24,7.14,7.27,7.28,7.12,12563.0
2020-03-25,7.41,7.33,7.46,7.3,12502.43
2020-03-26,7.35,7.2,7.35,7.2,10261.0
2020-03-27,7.27,7.21,7.33,7.18,8135.12
2020-03-30,7.08,7.0,7.08,6.94,8417.0
2020-03-31,7.02,6.99,7.12,6.98,5683.0
2020-04-01,6.99,6.94,7.12,6.88,6221.0
2020-04-02,6.9,7.07,7.07,6.9,5929.52
2020-04-03,7.07,7.0,7.1,6.98,3525.0
2020-04-07,7.12,7.19,7.2,7.06,10565.21
2020-04-08,7.14,7.22,7.22,7.13,8615.0
2020-04-09,7.25,7.25,7.29,7.21,8471.03
2020-04-10,7.24,7.08,7.25,7.05,8007.0
2020-04-13,7.09,7.02,7.11,6.98,6745.0
2020-04-14,7.01,7.2,7.2,7.01,7781.19
2020-04-15,7.21,7.26,7.3,7.18,11229.52
2020-04-16,7.26,7.31,7.36,7.21,9789.06
2020-04-17,7.31,7.8,7.87,7.31,51911.69
2020-04-20,7.79,8.32,8.34,7.72,69273.88
2020-04-21,8.3,8.64,8.77,8.15,89289.0
2020-04-22,8.49,8.27,8.52,8.14,43561.83
2020-04-23,8.24,8.77,8.77,8.12,57796.36
2020-04-24,9.13,7.89,9.15,7.89,151478.0
2020-04-27,7.1,7.1,7.24,7.1,75568.59
2020-04-28,6.96,6.76,7.02,6.64,38316.13
2020-04-29,6.69,6.81,6.88,6.69,16502.0
2020-04-30,6.8,6.92,6.95,6.8,18384.0
2020-05-06,6.79,6.95,6.99,6.79,18662.0
2020-05-07,6.96,6.89,6.97,6.87,16186.14
2020-05-08,6.92,6.97,7.0,6.92,15543.99
2020-05-11,7.0,6.96,7.03,6.94,15374.99
2020-05-12,6.96,6.96,7.01,6.88,11246.99
2020-05-13,6.96,7.03,7.05,6.9,11431.52
2020-05-14,7.0,7.08,7.2,6.94,16465.0
2020-05-15,7.12,7.05,7.12,7.02,9111.0
2020-05-18,7.06,6.98,7.09,6.96,9052.0
2020-05-19,7.06,7.09,7.12,7.02,11276.12
2020-05-20,7.04,7.04,7.12,7.02,9374.0
2020-05-21,7.05,7.08,7.11,7.04,9891.0
2020-05-22,7.01,6.92,7.06,6.83,11316.0
2020-05-25,6.88,6.96,6.96,6.88,6434.0
2020-05-26,6.96,7.06,7.08,6.96,10401.0
2020-05-27,7.06,7.09,7.09,7.01,9445.2
2020-05-28,7.09,7.06,7.13,6.98,9476.0
2020-05-29,7.08,7.1,7.13,7.03,8114.96
2020-06-01,7.11,7.22,7.26,7.1,14760.06
2020-06-02,7.27,7.34,7.34,7.15,17648.78
2020-06-03,7.36,7.26,7.37,7.25,14691.0
2020-06-04,7.27,7.33,7.35,7.25,13808.0
2020-06-05,7.33,7.31,7.35,7.27,11246.0
2020-06-08,7.3,7.27,7.35,7.27,9385.0
2020-06-09,7.31,7.27,7.32,7.24,8398.0
2020-06-10,7.24,7.24,7.27,7.22,6155.0
2020-06-11,7.22,7.25,7.31,7.22,7582.0
2020-06-12,7.12,7.22,7.23,7.08,8899.0
2020-06-15,7.22,7.18,7.33,7.18,10242.0
2020-06-16,7.27,7.34,7.35,7.22,11308.24
2020-06-17,7.35,7.38,7.39,7.29,10611.0
2020-06-18,7.38,7.39,7.45,7.31,10703.0
2020-06-19,7.44,7.42,7.44,7.37,8476.4
2020-06-22,7.42,7.38,7.44,7.36,8946.0
2020-06-23,7.38,7.33,7.38,7.31,8074.0
2020-06-24,7.33,7.32,7.35,7.26,9096.96
2020-06-29,7.29,7.28,7.38,7.24,8297.8
2020-06-30,7.27,7.38,7.42,7.27,10166.84
2020-07-01,7.4,7.41,7.42,7.34,9264.0
2020-07-02,7.39,7.69,7.73,7.39,23617.52
2020-07-03,7.67,7.71,7.76,7.61,15045.6
2020-07-06,7.73,7.95,7.95,7.71,24917.0
2020-07-07,7.93,7.95,8.05,7.93,25424.52
2020-07-08,7.97,8.02,8.07,7.82,22051.58
2020-07-09,7.99,8.17,8.22,7.99,25645.2
2020-07-10,8.19,8.02,8.23,8.01,22841.0
2020-07-13,8.05,8.83,8.83,8.05,53575.02
2020-07-14,9.04,8.42,9.04,8.29,68152.96
2020-07-15,8.51,8.21,8.51,8.05,41908.03
2020-07-16,8.16,7.78,8.23,7.78,26647.24
2020-07-17,7.8,7.86,7.95,7.79,15391.4
2020-07-20,7.91,8.19,8.21,7.88,18407.03
2020-07-21,8.19,8.32,8.36,8.11,18703.67
2020-07-22,8.32,8.32,8.45,8.26,21098.47
2020-07-23,8.19,8.26,8.35,8.02,16116.0
2020-07-24,8.21,8.01,8.31,7.99,19321.0
2020-07-27,8.12,8.02,8.12,7.87,9692.0
2020-07-28,8.01,8.1,8.19,7.95,10836.0
2020-07-29,8.1,8.21,8.22,8.0,12461.0
2020-07-30,8.27,8.17,8.32,8.17,13687.0
2020-07-31,8.19,8.37,8.42,8.12,20251.0
2020-08-03,8.39,8.48,8.52,8.36,20449.84
2020-08-04,8.48,8.4,8.51,8.38,16525.65
2020-08-05,8.39,8.42,8.45,8.31,16117.07
2020-08-06,8.43,8.37,8.46,8.24,13528.0
2020-08-07,8.37,8.19,8.37,8.09,12458.0
2020-08-10,8.19,8.33,8.36,8.17,12603.0
2020-08-11,8.32,8.21,8.38,8.2,13472.05
2020-08-12,8.22,8.13,8.25,7.97,14386.84
2020-08-13,8.08,8.21,8.31,8.08,12105.84
2020-08-14,8.28,8.26,8.28,8.13,10031.0
2020-08-17,8.3,8.39,8.42,8.25,15000.0
2020-08-18,8.39,8.4,8.45,8.35,12216.74
2020-08-19,8.4,8.34,8.49,8.32,17296.0
2020-08-20,8.34,8.3,8.39,8.24,10099.0
2020-08-21,8.32,8.38,8.53,8.3,11530.07
2020-08-24,8.43,8.34,8.45,8.25,9498.07
2020-08-25,8.36,8.36,8.42,8.28,10948.11
2020-08-26,8.51,8.47,8.72,8.42,45997.96
2020-08-27,8.47,8.62,8.64,8.34,23794.96
2020-08-28,8.54,8.62,8.66,8.5,20227.96
2020-08-31,8.62,8.66,8.82,8.62,23144.96
2020-09-01,8.66,8.83,8.83,8.57,22146.49
2020-09-02,8.85,8.81,8.93,8.7,19929.0
2020-09-03,8.74,8.79,8.98,8.74,19517.83
2020-09-04,8.66,8.87,8.91,8.61,18760.0
2020-09-07,8.85,9.04,9.15,8.75,31436.0
2020-09-08,9.04,9.09,9.12,8.94,16681.93
2020-09-09,8.97,8.96,9.2,8.95,17426.0
2020-09-10,9.02,8.49,9.05,8.45,31004.0
2020-09-11,8.53,8.69,8.77,8.5,19091.0
2020-09-14,8.79,8.85,8.85,8.6,15944.0
2020-09-15,8.9,8.76,8.96,8.69,15922.0
2020-09-16,8.75,8.64,8.8,8.61,11591.96
2020-09-17,8.6,8.72,8.79,8.6,10433.0
2020-09-18,8.67,8.82,8.85,8.65,11260.22
2020-09-21,8.82,8.65,8.94,8.62,18010.0
2020-09-22,8.61,8.44,8.62,8.37,16187.79
2020-09-23,8.4,8.51,8.53,8.32,15124.56
2020-09-24,8.46,8.25,8.47,8.24,12136.0
2020-09-25,8.25,8.27,8.34,8.15,11495.0
2020-09-28,8.3,8.02,8.3,8.0,9862.43
2020-09-29,8.03,8.21,8.27,8.02,12394.0
2020-09-30,8.3,8.19,8.3,8.13,7568.65
2020-10-09,8.34,8.4,8.44,8.22,9203.0
2020-10-12,8.4,8.58,8.62,8.39,16341.07
2020-10-13,8.56,8.59,8.63,8.51,9811.0
2020-10-14,8.62,8.47,8.62,8.45,14494.7
2020-10-15,8.44,8.48,8.6,8.44,9811.0
2020-10-16,8.47,8.49,8.52,8.4,10541.41
2020-10-19,8.49,8.45,8.63,8.4,13358.22
2020-10-20,8.4,8.49,8.49,8.3,11140.0
2020-10-21,8.47,8.34,8.55,8.32,8016.0
2020-10-22,8.31,8.37,8.4,8.2,7539.0
2020-10-23,8.32,8.24,8.41,8.22,8321.15
2020-10-26,8.19,8.3,8.37,8.12,9169.48
2020-10-27,8.27,8.31,8.47,8.27,12143.0
2020-10-28,8.34,8.39,8.45,8.28,10309.0
2020-10-29,8.32,8.32,8.41,8.04,22965.0
2020-10-30,8.32,8.02,8.34,8.01,22496.96
2020-11-02,8.08,8.05,8.1,7.98,12499.6
2020-11-03,8.06,8.23,8.25,8.06,10419.0
2020-11-04,8.26,8.16,8.27,8.09,8069.0
2020-11-05,8.23,8.34,8.34,8.21,10485.96
2020-11-06,8.32,8.3,8.38,8.22,10530.0
2020-11-09,8.34,8.47,8.55,8.23,18336.0
2020-11-10,8.54,8.46,8.55,8.37,11841.6
2020-11-11,8.39,8.38,8.44,8.34,11811.0
2020-11-12,8.38,8.48,8.5,8.35,14643.0
2020-11-13,8.48,8.49,8.51,8.36,10216.0
2020-11-16,8.47,8.62,8.62,8.47,18493.56
2020-11-17,8.62,8.62,8.69,8.56,15821.0
2020-11-18,8.65,8.75,8.8,8.62,21226.81
2020-11-19,8.76,9.11,9.18,8.73,52529.18
2020-11-20,9.13,9.22,9.28,8.99,39273.0
2020-11-23,9.19,9.18,9.39,8.94,43217.56
2020-11-24,9.24,9.18,9.24,9.09,19820.0
2020-11-25,9.18,9.14,9.39,9.13,26996.41
2020-11-26,9.07,9.03,9.24,8.97,20215.0
2020-11-27,9.03,9.12,9.18,8.94,17220.0
2020-11-30,9.18,8.85,9.2,8.83,20165.0
2020-12-01,8.81,8.96,8.98,8.77,10299.06
2020-12-02,8.93,8.95,9.0,8.89,7754.08
2020-12-03,8.92,8.94,9.04,8.88,9143.0
2020-12-04,8.94,8.95,9.02,8.87,7876.0
2020-12-07,8.95,8.76,9.03,8.76,12393.0
2020-12-08,8.75,8.7,8.85,8.69,7124.59
2020-12-09,8.76,8.48,8.76,8.4,13284.0
2020-12-10,8.49,8.42,8.53,8.37,9168.0
2020-12-11,8.39,8.24,8.48,8.2,13692.42
2020-12-14,8.21,8.27,8.34,8.13,10094.42
2020-12-15,8.29,8.18,8.29,8.12,10953.96
2020-12-16,8.22,8.12,8.23,8.09,8231.0
2020-12-17,8.1,8.22,8.23,8.04,10223.0
2020-12-18,8.22,8.23,8.27,8.11,9667.35
2020-12-21,8.19,8.19,8.27,8.15,15609.31
2020-12-22,8.15,7.92,8.19,7.91,16938.66
2020-12-23,7.92,7.91,7.97,7.84,11288.34
2020-12-24,7.92,7.78,7.95,7.75,11132.0
2020-12-25,7.74,7.79,7.89,7.73,7677.0
2020-12-28,7.85,7.6,7.86,7.57,10344.0
2020-12-29,7.63,7.69,7.78,7.54,8019.41
2020-12-30,7.72,7.69,7.76,7.63,7214.3
2020-12-31,7.66,7.76,7.78,7.66,8493.76
2021-01-04,7.79,7.84,7.89,7.71,6898.0
2021-01-05,7.85,7.76,7.85,7.67,7958.35
2021-01-06,7.74,7.69,7.77,7.59,11517.52
2021-01-07,7.7,7.44,7.7,7.39,11306.96
2021-01-08,7.44,7.37,7.53,7.24,8854.05
2021-01-11,7.33,7.13,7.41,7.11,11545.0
2021-01-12,7.13,7.18,7.28,7.09,7589.04
2021-01-13,7.19,7.02,7.2,6.93,10673.0
2021-01-14,7.06,7.1,7.16,6.89,8539.0
2021-01-15,7.15,7.23,7.26,7.13,6964.0
2021-01-18,7.22,7.3,7.34,7.22,7034.0
2021-01-19,7.26,7.38,7.43,7.26,7396.0
2021-01-20,7.37,7.41,7.47,7.37,6893.55
2021-01-21,7.37,7.49,7.7,7.37,13733.0
2021-01-22,7.5,7.48,7.52,7.31,9621.56
2021-01-25,7.48,7.32,7.48,7.29,7124.0
2021-01-26,7.3,7.25,7.37,7.24,4973.0
2021-01-27,7.23,7.28,7.34,7.2,6806.0
2021-01-28,7.33,7.24,7.33,7.17,5760.0
2021-01-29,7.22,7.22,7.33,7.13,5423.0
2021-02-01,7.28,7.41,7.46,7.18,9507.0
2021-02-02,7.41,7.39,7.46,7.31,6881.84
2021-02-03,7.39,7.26,7.43,7.19,6918.0
2021-02-04,7.18,7.09,7.26,6.96,7464.09
2021-02-05,7.06,7.07,7.19,7.02,4558.0
2021-02-08,7.06,7.07,7.16,6.98,5036.0
2021-02-09,7.1,7.3,7.3,7.03,7787.29
2021-02-10,7.29,7.36,7.38,7.22,5766.0
2021-02-18,7.43,7.48,7.6,7.43,9265.0
2021-02-19,7.47,7.64,7.64,7.45,10885.0
2021-02-22,7.69,7.76,7.95,7.67,18288.0
2021-02-23,7.77,7.74,7.81,7.62,9795.0
2021-02-24,7.74,7.72,7.88,7.67,12371.0
2021-02-25,7.82,7.7,7.82,7.69,7924.0
2021-02-26,7.6,7.72,7.74,7.52,8971.0
2021-03-01,7.71,7.87,7.93,7.71,10038.0
2021-03-02,7.9,7.78,8.01,7.73,9809.0
2021-03-03,7.73,7.91,7.95,7.73,10182.96
2021-03-04,7.91,7.91,8.1,7.86,11481.0
2021-03-05,7.96,8.04,8.07,7.91,9600.84
2021-03-08,8.04,7.95,8.16,7.95,8353.0
2021-03-09,7.92,7.74,7.95,7.66,11610.58
2021-03-10,7.75,7.63,7.81,7.61,7934.58
2021-03-11,7.63,7.8,7.83,7.62,6374.0
2021-03-12,7.82,7.89,7.9,7.74,7368.66
2021-03-15,7.84,8.02,8.08,7.76,10164.56
2021-03-16,8.07,8.12,8.14,8.01,8392.0
2021-03-17,8.12,8.23,8.3,8.0,11231.0
2021-03-18,8.29,8.13,8.31,8.06,11481.96
2021-03-19,8.04,8.07,8.16,8.01,6385.96
2021-03-22,8.05,8.08,8.13,7.99,8796.31
2021-03-23,8.1,7.94,8.1,7.91,11191.0
2021-03-24,7.93,7.94,8.02,7.87,6214.0
2021-03-25,7.93,8.22,8.73,7.9,45635.0
2021-03-26,7.98,8.1,8.16,7.98,41917.96
2021-03-29,8.05,7.82,8.05,7.52,28278.35
2021-03-30,7.77,7.68,7.83,7.67,13771.0
2021-03-31,7.69,7.72,7.77,7.67,10915.0
2021-04-01,7.72,7.71,7.75,7.64,7921.0
2021-04-02,7.71,7.73,7.78,7.67,5750.0
2021-04-06,7.73,7.81,7.82,7.7,7916.0
2021-04-07,7.82,7.93,7.93,7.75,12218.96
2021-04-08,7.88,7.89,8.0,7.88,11048.35
2021-04-09,7.88,7.92,7.99,7.84,7698.12
2021-04-12,7.9,7.83,7.92,7.82,8427.0
2021-04-13,7.84,7.76,7.86,7.74,5612.48
2021-04-14,7.72,7.8,7.83,7.69,6021.64
2021-04-15,7.86,7.99,8.01,7.83,11809.64
2021-04-16,8.0,8.05,8.13,7.91,10362.0
2021-04-19,7.98,8.13,8.16,7.98,10950.62
2021-04-20,8.15,8.08,8.18,8.04,9456.96
2021-04-21,8.03,8.25,8.25,8.0,13662.96
2021-04-22,8.19,8.2,8.27,8.15,10081.27
2021-04-23,8.2,8.1,8.2,8.05,9457.0
2021-04-26,8.11,8.25,8.28,8.0,13085.42
2021-04-27,7.98,7.64,7.98,7.52,27482.13
2021-04-28,7.62,7.78,7.79,7.54,13024.0
2021-04-29,7.62,7.43,7.62,7.38,17596.0
2021-04-30,7.37,7.27,7.46,7.22,9856.0
2021-05-06,7.31,7.23,7.32,7.16,6146.0
2021-05-07,7.19,7.18,7.26,7.16,6692.0
2021-05-10,7.19,7.13,7.2,7.11,7661.0
2021-05-11,7.11,7.2,7.21,7.11,5077.0
2021-05-12,7.2,7.26,7.27,7.15,4593.64
2021-05-13,7.26,7.19,7.29,7.18,5713.95
2021-05-14,7.23,7.29,7.3,7.22,6581.0
2021-05-17,7.31,7.19,7.31,7.17,5852.95
2021-05-18,7.19,7.15,7.19,7.08,8118.96
2021-05-19,7.14,7.11,7.14,7.1,4437.0
2021-05-20,7.13,7.09,7.13,7.07,5391.0
2021-05-21,7.04,7.1,7.13,7.04,3869.96
2021-05-24,7.13,7.14,7.15,7.09,4041.0
2021-05-25,7.13,7.17,7.17,7.1,7040.0
2021-05-26,7.15,7.17,7.18,7.1,5641.0
2021-05-27,7.18,7.22,7.24,7.18,7633.0
2021-05-28,7.26,7.17,7.26,7.14,7387.0
2021-05-31,7.17,7.22,7.23,7.14,6619.0
2021-06-01,7.24,7.28,7.3,7.19,8410.0
2021-06-02,7.28,7.25,7.3,7.19,8237.0
2021-06-03,7.25,7.26,7.31,7.24,7824.0
2021-06-04,7.23,7.27,7.28,7.2,4993.0
2021-06-07,7.26,7.28,7.32,7.24,5643.0
2021-06-08,7.27,7.26,7.3,7.23,6490.0
2021-06-09,7.22,7.35,7.37,7.22,9689.0
2021-06-10,7.35,7.4,7.41,7.3,10713.0
2021-06-11,7.44,7.28,7.46,7.27,9037.0
2021-06-15,7.29,7.23,7.33,7.19,5233.99
2021-06-16,7.25,7.17,7.26,7.17,3957.96
2021-06-17,7.17,7.2,7.43,7.16,5265.9
2021-06-18,7.17,7.26,7.28,7.16,4611.0
2021-06-21,7.28,7.35,7.35,7.23,6314.63
2021-06-22,7.37,7.37,7.42,7.32,6329.63
2021-06-23,7.35,7.35,7.39,7.34,5035.0
2021-06-24,7.33,7.32,7.4,7.28,6315.53
2021-06-25,7.34,7.32,7.35,7.28,5851.0
2021-06-28,7.32,7.37,7.4,7.28,6052.0
2021-06-29,7.38,7.46,7.52,7.23,9258.0
2021-06-30,7.41,7.37,7.44,7.32,9785.9
2021-07-01,7.37,7.3,7.41,7.3,5782.0
2021-07-02,7.3,7.24,7.35,7.17,5611.0
2021-07-05,7.19,7.51,7.57,7.19,9375.0
2021-07-06,7.44,7.41,7.48,7.39,8426.9
2021-07-07,7.4,7.46,7.48,7.33,8293.0
2021-07-08,7.46,7.39,7.5,7.38,7352.96
2021-07-09,7.4,7.59,7.62,7.34,17133.0
2021-07-12,7.57,7.63,7.68,7.52,12011.0
2021-07-13,7.62,7.57,7.64,7.52,7632.0
2021-07-14,7.54,7.5,7.58,7.49,6056.69
2021-07-15,7.49,7.51,7.53,7.39,9410.0
2021-07-16,7.47,7.5,7.57,7.39,6942.84
2021-07-19,7.5,7.41,7.5,7.33,7576.19
2021-07-20,7.3,7.39,7.41,7.3,4673.0
2021-07-21,7.38,7.47,7.47,7.35,6999.0
2021-07-22,7.46,7.51,7.51,7.44,8623.73
2021-07-23,7.5,7.43,7.5,7.37,10182.0
2021-07-26,7.5,7.3,7.5,7.28,10807.0
2021-07-27,7.28,7.26,7.42,7.23,7337.96
2021-07-28,7.26,7.05,7.27,6.99,7940.0
2021-07-29,7.1,7.11,7.16,7.05,6455.73
2021-07-30,7.08,7.19,7.23,7.03,5474.96
2021-08-02,7.12,7.28,7.3,7.1,4605.18
2021-08-03,7.28,7.23,7.33,7.19,5617.73
2021-08-04,7.22,7.43,7.49,7.22,9626.99
2021-08-05,7.43,7.37,7.44,7.35,4537.96
2021-08-06,7.37,7.37,7.39,7.3,5431.0
2021-08-09,7.3,7.51,7.52,7.3,7656.0
2021-08-10,7.55,7.48,7.55,7.46,9661.0
2021-08-11,7.5,7.48,7.54,7.45,8793.12
2021-08-12,7.49,7.52,7.54,7.47,7997.29
2021-08-13,7.51,7.6,7.64,7.48,16072.18
2021-08-16,7.69,7.56,7.69,7.55,12459.66
2021-08-17,7.52,7.37,7.58,7.33,13629.0
2021-08-18,7.37,7.45,7.51,7.37,9275.0
2021-08-19,7.47,7.37,7.47,7.3,7456.86
2021-08-20,7.34,7.34,7.35,7.22,8587.86
2021-08-23,7.39,7.55,7.57,7.28,12176.31
2021-08-24,7.59,7.7,7.75,7.55,17203.0
2021-08-25,7.7,7.67,7.7,7.61,16751.95
2021-08-26,7.67,7.88,7.88,7.63,22761.24
2021-08-27,7.91,7.65,7.93,7.61,23019.0
2021-08-30,7.62,7.64,7.76,7.59,17841.38
2021-08-31,7.59,7.66,7.68,7.57,11404.0
2021-09-01,7.66,7.71,7.76,7.51,17774.96
2021-09-02,7.67,7.75,7.8,7.64,14394.0
2021-09-03,7.71,7.69,7.79,7.64,13946.0
2021-09-06,7.88,7.71,7.88,7.62,13266.0
2021-09-07,7.7,7.9,7.93,7.63,32036.0
2021-09-08,7.87,7.95,7.97,7.84,20409.65
2021-09-09,7.91,7.96,8.02,7.88,17005.46
2021-09-10,7.97,7.91,8.0,7.84,12991.96
2021-09-13,7.93,8.01,8.02,7.82,16370.0
2021-09-14,8.01,7.84,8.03,7.81,15122.0
2021-09-15,7.78,8.13,8.22,7.78,30661.27
2021-09-16,8.12,8.16,8.48,8.11,33641.65
2021-09-17,8.29,8.52,8.66,8.18,60098.84
2021-09-22,8.33,8.54,8.71,8.33,30830.25
2021-09-23,8.44,8.36,8.62,8.32,27915.48
2021-09-24,8.29,8.0,8.29,7.97,29798.0
2021-09-27,8.0,7.44,8.0,7.41,30463.0
2021-09-28,7.5,7.43,7.52,7.35,15733.0
2021-09-29,7.37,7.16,7.4,7.13,26583.49
2021-09-30,7.21,7.28,7.3,7.19,10214.12
2021-10-08,7.33,7.47,7.48,7.3,12253.49
2021-10-11,7.45,7.44,7.48,7.37,8124.0
2021-10-12,7.42,7.39,7.44,7.3,6348.0
2021-10-13,7.41,7.39,7.44,7.3,7070.0
2021-10-14,7.39,7.4,7.48,7.34,5018.0
2021-10-15,7.4,7.35,7.46,7.32,7057.0
2021-10-18,7.28,7.43,7.48,7.28,6116.0
2021-10-19,7.41,7.37,7.5,7.36,6817.0
2021-10-20,7.37,7.32,7.37,7.27,6124.92
2021-10-21,7.3,7.25,7.4,7.24,5563.0
2021-10-22,7.28,7.25,7.32,7.23,4124.96
2021-10-25,7.23,7.21,7.23,7.1,7701.0
2021-10-26,7.21,7.18,7.22,7.16,4024.0
2021-10-27,7.11,7.03,7.14,7.01,8286.0
2021-10-28,7.07,6.99,7.07,6.95,6885.0
2021-10-29,6.98,7.12,7.16,6.98,5877.42
2021-11-01,7.12,7.2,7.23,7.08,5973.0
2021-11-02,7.2,7.05,7.28,6.99,6534.85
2021-11-03,7.05,7.1,7.17,7.0,5152.96
2021-11-04,7.1,7.19,7.21,7.09,5421.52
2021-11-05,7.19,7.17,7.23,7.14,6001.0
2021-11-08,7.26,7.41,7.41,7.0,15114.48
2021-11-09,7.29,7.4,7.51,7.27,7779.0
2021-11-10,7.33,7.48,7.5,7.33,8970.93
2021-11-11,7.52,7.48,7.53,7.41,6353.0
2021-11-12,7.52,7.5,7.55,7.4,6319.0
2021-11-15,7.5,7.61,7.67,7.42,10733.0
2021-11-16,7.64,7.57,7.73,7.54,9770.0
2021-11-17,7.59,7.85,7.93,7.56,19583.22
2021-11-18,7.95,7.85,8.31,7.82,40450.81
2021-11-19,8.02,8.64,8.64,8.02,77333.53
2021-11-22,9.34,9.12,9.4,8.55,173302.6
2021-11-23,9.09,8.86,9.21,8.68,104774.75
2021-11-24,8.86,9.27,9.57,8.86,100561.17
2021-11-25,9.28,10.19,10.19,9.2,127549.0
2021-11-26,10.15,10.58,10.83,9.89,134475.67
2021-11-29,10.19,10.2,10.37,9.94,85100.0
2021-11-30,10.21,10.0,10.29,9.69,86092.85
2021-12-01,10.51,11.0,11.0,10.45,72965.94
2021-12-02,11.0,9.9,11.04,9.9,178023.87
2021-12-03,9.48,9.16,9.67,9.05,127140.87
2021-12-06,8.94,8.95,9.19,8.92,58829.46
2021-12-07,8.99,8.65,9.03,8.56,64385.95
2021-12-08,8.71,8.87,8.93,8.69,50754.08
2021-12-09,8.83,8.87,9.03,8.75,41322.0
2021-12-10,8.84,8.83,8.92,8.78,27667.0
2021-12-13,8.83,8.76,8.89,8.75,30392.0
2021-12-14,8.73,8.85,8.89,8.67,25651.0
2021-12-15,8.84,9.13,9.13,8.82,45520.49
2021-12-16,9.05,8.96,9.33,8.94,47723.0
2021-12-17,8.92,8.85,8.96,8.76,32424.0
2021-12-20,8.81,8.64,8.89,8.59,33472.0
2021-12-21,8.63,8.8,8.83,8.61,18374.0
2021-12-22,8.8,8.8,8.87,8.74,17788.0
2021-12-23,8.84,8.65,8.86,8.6,22465.0
2021-12-24,8.58,8.33,8.71,8.3,30925.0
2021-12-27,8.29,8.48,8.49,8.25,21076.0
2021-12-28,8.55,8.47,8.56,8.4,13627.0
2021-12-29,8.47,8.51,8.6,8.4,13593.0
2021-12-30,8.51,8.53,8.58,8.42,17257.0
2021-12-31,8.56,8.53,8.6,8.48,12406.0
2022-01-04,8.6,8.65,8.73,8.56,20081.0
2022-01-05,8.69,8.45,8.72,8.4,20182.0
2022-01-06,8.44,8.75,8.81,8.38,32664.0
2022-01-07,8.74,8.49,8.78,8.49,21927.0
2022-01-10,8.46,8.51,8.58,8.4,19581.0
2022-01-11,8.51,8.56,8.71,8.51,22408.0
2022-01-12,8.53,8.74,8.82,8.51,17690.0
2022-01-13,8.74,8.73,8.83,8.67,14108.0
2022-01-14,8.73,8.56,8.78,8.53,15963.0
2022-01-17,8.51,8.67,8.71,8.51,15790.0
2022-01-18,8.67,8.44,8.75,8.43,21081.0
2022-01-19,8.43,8.51,8.6,8.4,19146.0
2022-01-20,8.52,8.06,8.53,8.05,31791.0
2022-01-21,8.06,8.06,8.18,8.02,11072.81
2022-01-24,8.08,8.01,8.09,7.94,7818.0
2022-01-25,8.01,7.64,8.04,7.64,14961.0
2022-01-26,7.72,7.77,7.84,7.63,8105.0
2022-01-27,7.79,7.61,7.79,7.58,11315.0
2022-01-28,7.64,7.77,7.89,7.6,10067.62
2022-02-07,7.93,7.82,7.94,7.76,8161.0
2022-02-08,7.83,7.95,7.99,7.79,8665.0
2022-02-09,7.99,8.08,8.13,7.92,10971.0
2022-02-10,8.09,8.01,8.14,7.94,7457.0
2022-02-11,8.01,7.84,8.02,7.83,12100.0
2022-02-14,7.82,7.87,8.0,7.79,10323.0
2022-02-15,7.87,7.85,7.93,7.79,9173.0
2022-02-16,7.93,8.0,8.02,7.89,9645.0
2022-02-17,7.98,7.9,8.06,7.88,11618.0
2022-02-18,7.87,8.02,8.04,7.84,13352.0
2022-02-21,8.02,8.1,8.11,8.01,10550.0
2022-02-22,8.08,8.01,8.08,7.93,13436.0
2022-02-23,7.99,8.09,8.12,7.98,13244.08
2022-02-24,8.06,7.91,8.18,7.8,21277.44
2022-02-25,7.93,8.04,8.1,7.93,11535.0
2022-02-28,8.01,7.99,8.06,7.85,9909.02
2022-03-01,8.04,8.11,8.13,8.01,12181.0
2022-03-02,8.11,8.2,8.23,8.06,15006.0
2022-03-03,8.2,8.21,8.25,8.18,10923.0
2022-03-04,8.2,8.04,8.22,8.03,11029.0
2022-03-07,8.04,7.98,8.15,7.93,15496.0
2022-03-08,7.97,7.73,8.0,7.73,16762.58
2022-03-09,7.73,7.48,7.78,7.26,20833.0
2022-03-10,7.64,7.6,7.74,7.59,10779.46
2022-03-11,7.55,7.7,7.75,7.39,11578.0
2022-03-14,7.66,7.52,7.71,7.51,7889.02
2022-03-15,7.52,7.2,7.59,7.19,13272.0
2022-03-16,7.38,7.39,7.44,7.08,9441.0
2022-03-17,7.44,7.47,7.56,7.4,10299.0
2022-03-18,7.46,7.55,7.57,7.41,12757.0
2022-03-21,7.55,7.66,7.66,7.52,9172.0
2022-03-22,7.73,7.67,7.77,7.64,9904.0
2022-03-23,7.64,7.72,7.75,7.64,6785.0
2022-03-24,7.68,7.65,7.75,7.57,7147.0
2022-03-25,7.64,7.67,7.77,7.61,7272.0
2022-03-28,7.61,7.8,7.84,7.5,17301.0
2022-03-29,7.81,7.61,7.82,7.55,14792.0
2022-03-30,7.61,7.7,7.76,7.54,10736.02
2022-03-31,7.68,7.72,7.77,7.62,8733.02
2022-04-01,7.72,7.62,7.76,7.61,7637.0
2022-04-06,7.68,7.79,7.8,7.61,10397.0
2022-04-07,7.75,7.66,7.77,7.63,8260.0
2022-04-08,7.68,7.53,7.68,7.51,7551.0
2022-04-11,7.54,7.35,7.57,7.32,7923.0
2022-04-12,7.38,7.55,7.57,7.27,7684.0
2022-04-13,7.54,7.48,7.61,7.44,6461.0
2022-04-14,7.48,7.52,7.57,7.46,5091.0
2022-04-15,7.52,7.33,7.52,7.28,9455.0
2022-04-18,7.28,7.41,7.44,7.23,5507.0
2022-04-19,7.41,7.61,7.62,7.41,9331.0
2022-04-20,7.61,7.64,7.72,7.55,8140.0
2022-04-21,7.63,7.48,7.7,7.41,13926.0
2022-04-22,7.45,7.41,7.5,7.3,8851.0
2022-04-25,7.33,6.85,7.36,6.83,13752.0
2022-04-26,6.85,6.43,7.08,6.36,18393.02
2022-04-27,6.34,6.61,6.63,6.21,12278.0
2022-04-28,6.92,7.28,7.28,6.83,18407.0
2022-04-29,7.28,7.64,7.68,7.28,57655.94
2022-05-05,7.44,7.72,7.82,7.35,36712.92
2022-05-06,7.47,7.61,7.74,7.38,21475.0
2022-05-09,7.7,7.64,7.7,7.51,23762.0
2022-05-10,7.73,7.86,7.91,7.59,29454.0
2022-05-11,7.87,7.78,7.95,7.76,27652.0
2022-05-12,7.73,7.88,7.97,7.71,20776.91
2022-05-13,7.88,7.99,8.02,7.88,20463.0
2022-05-16,8.36,8.13,8.42,8.03,29893.0
2022-05-17,8.18,8.17,8.25,7.97,22294.0
2022-05-18,8.1,8.09,8.26,8.07,16809.0
2022-05-19,8.06,8.31,8.41,8.01,28902.0
2022-05-20,8.38,8.57,8.63,8.3,34680.96
2022-05-23,8.6,8.67,8.71,8.51,25785.0
2022-05-24,8.66,8.29,8.66,8.29,26429.15
2022-05-25,8.38,8.49,8.56,8.27,23233.0
2022-05-26,8.52,8.42,8.53,8.33,15230.0
2022-05-27,8.43,8.33,8.49,8.24,18685.0
2022-05-30,8.36,8.46,8.46,8.33,13419.51
2022-05-31,8.46,8.44,8.47,8.36,12739.0
2022-06-01,8.46,8.4,8.49,8.32,16423.88
2022-06-02,8.36,8.44,8.47,8.29,12369.0
2022-06-06,8.44,8.65,8.7,8.42,22588.0
2022-06-07,8.62,8.65,8.77,8.56,15908.0
2022-06-08,8.65,8.53,8.65,8.35,14375.0
2022-06-09,8.53,8.4,8.57,8.29,14368.0
2022-06-10,8.49,8.49,8.52,8.3,11358.0
2022-06-13,8.58,8.82,8.86,8.46,30136.0
2022-06-14,8.77,8.76,8.77,8.4,24497.0
2022-06-15,8.76,8.63,8.87,8.63,20071.0
2022-06-16,8.65,9.08,9.09,8.62,39999.62
2022-06-17,9.16,8.97,9.16,8.91,33213.13
2022-06-20,8.92,9.87,9.87,8.89,73622.9
2022-06-21,10.37,9.4,10.71,9.39,151786.74
2022-06-22,9.54,9.27,9.66,9.18,70933.0
2022-06-23,9.28,9.3,9.36,9.01,54441.42
2022-06-24,9.27,9.68,9.75,9.21,62018.0
2022-06-27,9.54,9.41,9.65,9.36,45860.0
2022-06-28,9.4,9.46,9.52,9.27,31004.0
2022-06-29,9.56,9.21,9.56,9.18,32441.0
2022-06-30,9.18,9.08,9.26,9.07,31871.0
2022-07-01,9.08,9.18,9.19,9.0,17346.0
2022-07-04,9.14,9.26,9.26,8.88,31761.82
2022-07-05,9.32,9.07,9.52,8.99,43210.63
2022-07-06,9.11,9.13,9.25,9.01,27766.0
2022-07-07,9.12,8.98,9.16,8.89,36415.77
2022-07-08,8.97,9.17,9.23,8.96,56977.95
2022-07-11,8.81,8.48,8.92,8.48,54997.0
2022-07-12,8.5,8.45,8.68,8.42,21778.93
2022-07-13,8.38,8.68,8.74,8.37,26114.15
2022-07-14,8.6,9.13,9.23,8.6,46408.23
2022-07-15,9.15,9.13,9.26,8.99,32934.43
2022-07-18,9.23,9.49,9.62,9.16,49540.0
2022-07-19,9.52,9.76,10.07,9.5,72634.82
2022-07-20,9.8,9.63,9.84,9.43,35648.2
2022-07-21,9.66,9.41,9.69,9.35,26327.0
2022-07-22,9.37,9.35,9.58,9.25,17595.0
2022-07-25,9.3,9.33,9.54,9.28,17957.0
2022-07-26,9.33,9.35,9.43,8.97,19321.0
2022-07-27,9.28,9.43,9.48,9.2,17134.0
2022-07-28,9.45,9.63,9.65,9.43,26785.47
2022-07-29,9.61,9.49,9.63,9.43,19462.0
2022-08-01,9.5,9.48,9.54,9.28,13535.0
2022-08-02,9.37,8.97,9.46,8.83,27218.0
2022-08-03,9.43,9.04,9.72,8.97,32671.5
2022-08-04,8.98,9.14,9.28,8.98,21250.5
2022-08-05,9.16,9.13,9.23,8.95,17556.88
2022-08-08,9.13,9.43,9.5,9.02,30343.0
2022-08-09,9.41,9.63,9.79,9.35,35693.0
2022-08-10,9.69,9.77,9.82,9.61,30896.0
2022-08-11,9.83,9.78,9.89,9.69,20788.0
2022-08-12,9.81,9.67,9.92,9.61,21035.0
2022-08-15,9.72,9.72,9.76,9.45,16939.0
2022-08-16,9.79,9.97,9.99,9.75,32961.0
2022-08-17,10.03,10.34,10.92,10.03,97197.82
2022-08-18,10.45,10.53,10.79,10.11,56958.82
2022-08-19,10.53,10.26,10.58,10.23,33421.43
2022-08-22,10.18,10.22,10.3,10.07,25428.0
2022-08-23,10.19,10.47,10.47,10.17,25428.82
2022-08-24,10.47,9.89,10.47,9.84,38828.15
2022-08-25,9.95,9.58,10.02,8.9,40730.0
2022-08-26,9.21,9.09,9.48,9.06,45259.43
2022-08-29,9.09,9.04,9.1,8.73,28109.42
2022-08-30,9.11,8.99,9.15,8.87,21291.0
2022-08-31,8.99,8.74,9.04,8.68,27450.0
2022-09-01,8.67,8.74,8.87,8.67,18294.0
2022-09-02,8.8,8.82,8.96,8.62,16182.0
2022-09-05,8.91,8.8,8.92,8.75,13906.0
2022-09-06,8.89,8.92,8.92,8.73,17390.0
2022-09-07,8.91,9.04,9.13,8.89,21989.0
2022-09-08,9.07,8.86,9.08,8.83,16379.0
2022-09-09,8.89,8.82,8.89,8.74,12545.0
2022-09-13,8.83,9.01,9.06,8.74,26078.96
2022-09-14,8.81,8.68,8.84,8.59,27586.0
2022-09-15,8.68,8.29,8.68,8.21,25889.0
2022-09-16,8.42,8.14,8.42,8.09,14291.0
2022-09-19,8.12,8.0,8.12,7.95,12368.0
2022-09-20,8.05,8.2,8.21,8.05,12480.2
2022-09-21,8.18,8.19,8.22,8.02,9407.0
2022-09-22,8.13,8.16,8.25,8.09,10082.0
2022-09-23,8.12,7.91,8.21,7.87,13319.0
2022-09-26,7.85,7.73,7.91,7.73,11848.0
2022-09-27,7.8,8.03,8.06,7.7,12952.96
2022-09-28,8.02,7.93,8.05,7.9,11853.2
2022-09-29,8.0,7.85,8.06,7.83,9096.0
2022-09-30,7.88,7.77,7.95,7.76,6084.0
2022-10-10,7.78,7.59,7.85,7.56,8058.46
2022-10-11,7.59,7.73,7.76,7.53,6740.0
2022-10-12,7.73,7.91,7.94,7.62,7998.0
2022-10-13,7.93,8.08,8.16,7.87,11226.38
2022-10-14,8.09,8.13,8.2,8.08,12062.0
2022-10-17,8.09,8.3,8.32,8.08,10165.38
2022-10-18,8.38,8.33,8.41,8.23,9339.0
2022-10-19,8.35,8.36,8.42,8.27,11749.0
2022-10-20,8.31,8.25,8.39,8.2,7433.0
2022-10-21,8.26,8.27,8.45,8.23,7399.0
2022-10-24,8.33,8.3,8.51,8.27,14924.05
2022-10-25,8.28,8.36,8.38,8.1,13774.38
2022-10-26,8.33,8.46,8.55,8.31,14194.0
2022-10-27,8.56,8.4,8.56,8.37,10093.0
2022-10-28,8.4,8.12,8.45,8.05,15548.0
2022-10-31,8.09,8.29,8.35,8.08,13389.0
2022-11-01,8.29,8.48,8.48,8.29,14794.38
2022-11-02,8.52,8.45,8.52,8.34,12774.0
2022-11-03,8.42,8.48,8.51,8.41,11833.08
2022-11-04,8.51,8.62,8.63,8.48,14251.0
2022-11-07,8.6,8.62,8.65,8.57,10597.08
2022-11-08,8.61,8.6,8.64,8.5,9014.0
2022-11-09,8.63,8.71,8.77,8.6,12791.63
2022-11-10,8.68,8.8,8.89,8.57,24162.0
2022-11-11,8.94,8.67,8.95,8.65,21050.47
2022-11-14,8.68,8.62,8.75,8.56,13159.0
2022-11-15,8.62,8.72,8.73,8.57,10085.0
2022-11-16,8.75,8.8,8.82,8.68,12551.47
2022-11-17,8.75,8.8,8.83,8.68,10160.63
2022-11-18,8.83,8.64,8.83,8.64,10178.51
2022-11-21,8.68,8.71,8.73,8.54,8097.0
2022-11-22,8.71,8.65,8.77,8.6,9808.0
2022-11-23,8.65,8.59,8.71,8.48,8836.0
2022-11-24,8.59,8.69,8.71,8.56,8782.0
2022-11-25,8.68,8.54,8.79,8.53,8913.0
2022-11-28,8.5,8.53,8.6,8.42,8588.0
2022-11-29,8.46,8.75,8.8,8.45,16934.0
2022-11-30,8.82,8.74,8.92,8.72,16239.0
2022-12-01,8.86,8.74,8.86,8.72,14054.0
2022-12-02,8.73,8.76,8.79,8.7,10834.15
2022-12-05,8.84,8.79,8.85,8.74,15310.0
2022-12-06,8.77,8.74,8.81,8.68,11089.0
2022-12-07,8.74,8.67,8.74,8.61,10607.0
2022-12-08,8.67,8.65,8.72,8.56,11838.0
2022-12-09,8.65,8.55,8.67,8.55,10632.0
2022-12-12,8.57,8.51,8.6,8.49,7492.0
2022-12-13,8.51,8.49,8.55,8.46,7774.0
2022-12-14,8.57,8.51,8.6,8.48,7490.0
2022-12-15,8.51,8.59,8.6,8.44,7119.59
2022-12-16,8.58,8.45,8.6,8.43,6834.0
2022-12-19,8.46,8.07,8.5,8.05,14515.08
2022-12-20,8.09,8.09,8.18,7.99,6057.0
2022-12-21,8.09,8.05,8.09,7.98,6808.0
2022-12-22,8.08,7.83,8.09,7.76,8346.44
2022-12-23,7.82,7.83,7.94,7.73,6830.0
2022-12-26,7.88,7.89,7.93,7.78,4357.0
2022-12-27,7.82,8.02,8.03,7.82,9543.0
2022-12-28,7.98,7.88,8.01,7.82,8051.0
2022-12-29,7.86,7.79,8.0,7.74,5682.0
2022-12-30,7.79,7.94,7.97,7.79,6945.0
2023-01-03,7.94,8.1,8.12,7.93,9540.0
2023-01-04,8.12,8.14,8.18,8.07,6218.27
2023-01-05,8.15,8.14,8.18,8.11,6290.82
2023-01-06,8.11,8.21,8.25,8.09,8962.58
2023-01-09,8.2,8.21,8.29,8.17,5559.0
2023-01-10,8.22,8.16,8.25,8.13,6121.49
2023-01-11,8.15,8.11,8.24,8.1,7530.0
2023-01-12,8.13,8.18,8.22,8.09,6225.0
2023-01-13,8.24,8.21,8.25,8.15,10134.0
2023-01-16,8.21,8.29,8.33,8.14,9212.0
2023-01-17,8.29,8.24,8.31,8.18,7976.0
2023-01-18,8.24,8.42,8.43,8.21,14551.0
2023-01-19,8.39,8.52,8.57,8.35,17643.0
2023-01-20,8.52,8.48,8.55,8.42,8753.49
2023-01-30,8.58,8.61,8.63,8.54,9282.0
2023-01-31,8.6,8.68,8.71,8.55,11674.0
2023-02-01,8.73,8.82,8.83,8.63,14763.0
2023-02-02,8.83,8.82,8.86,8.77,10452.67
2023-02-03,8.88,8.87,8.98,8.77,20545.42
2023-02-06,8.87,8.83,8.95,8.72,13486.96
2023-02-07,8.89,8.86,8.89,8.8,10576.0
2023-02-08,8.84,8.89,8.98,8.84,14908.49
2023-02-09,8.93,9.04,9.07,8.86,12340.0
2023-02-10,9.04,9.04,9.07,8.95,9661.4
2023-02-13,9.04,9.06,9.12,8.95,12079.0
2023-02-14,9.09,9.06,9.1,9.02,8279.0
2023-02-15,9.09,9.12,9.14,9.03,12489.0
2023-02-16,9.1,8.95,9.28,8.86,18892.0
2023-02-17,8.98,8.94,9.08,8.89,14328.0
2023-02-20,8.83,8.98,9.01,8.83,11348.0
2023-02-21,9.01,9.02,9.07,8.93,12465.0
2023-02-22,9.09,8.95,9.09,8.91,7805.0
2023-02-23,8.98,9.02,9.09,8.98,17009.0
2023-02-24,9.02,9.1,9.11,8.95,11121.0
2023-02-27,9.05,8.95,9.11,8.89,10185.0
2023-02-28,9.04,9.06,9.07,8.95,6018.0
2023-03-01,9.12,9.07,9.12,8.91,10912.0
2023-03-02,9.1,9.04,9.12,9.01,7407.0
2023-03-03,9.05,8.96,9.09,8.95,8370.0
2023-03-06,9.02,9.07,9.11,8.96,12117.0
2023-03-07,9.05,8.86,9.09,8.83,11011.0
2023-03-08,8.86,9.0,9.0,8.82,7778.0
2023-03-09,8.99,9.04,9.04,8.93,6586.0
2023-03-10,8.98,8.76,9.05,8.75,15686.0
2023-03-13,8.76,8.77,8.9,8.73,9839.0
2023-03-14,8.77,8.6,8.82,8.54,10031.82
2023-03-15,8.58,8.75,8.81,8.57,9297.0
2023-03-16,8.64,8.63,8.79,8.63,7888.0
2023-03-17,8.68,8.74,8.8,8.68,8096.0
2023-03-20,8.77,8.83,8.83,8.69,8991.0
2023-03-21,8.82,9.16,9.62,8.76,38616.0
2023-03-22,9.28,9.15,9.31,9.08,30536.96
2023-03-23,9.18,9.0,9.19,8.94,20932.15
2023-03-24,9.01,9.04,9.09,8.96,18865.82
2023-03-27,9.09,8.93,9.09,8.89,14331.15
2023-03-28,8.95,8.89,8.98,8.86,9132.19
2023-03-29,8.86,8.8,8.92,8.79,10322.0
2023-03-30,8.77,8.72,8.83,8.65,10748.0
2023-03-31,8.72,8.69,8.76,8.68,7999.49
2023-04-03,8.69,8.87,8.87,8.66,14781.49
2023-04-04,8.84,8.94,9.03,8.71,20217.0
2023-04-06,8.95,8.89,8.95,8.8,13677.0
2023-04-07,8.85,8.89,8.92,8.84,7076.0
2023-04-10,8.92,8.67,9.01,8.65,11871.0
2023-04-11,8.7,8.59,8.7,8.53,9175.0
2023-04-12,8.63,8.73,8.74,8.57,9236.0
2023-04-13,8.75,8.63,8.75,8.6,6168.0
2023-04-14,8.69,8.58,8.69,8.57,6758.0
2023-04-17,8.59,8.63,8.68,8.58,6695.0
2023-04-18,8.63,8.45,8.63,8.42,9357.0
2023-04-19,8.44,8.37,8.45,8.36,5764.0
2023-04-20,8.36,8.25,8.39,8.23,7011.0
2023-04-21,8.3,8.07,8.3,8.07,8840.0
2023-04-24,8.03,8.05,8.12,7.94,7403.0
2023-04-25,8.12,7.88,8.12,7.79,9632.0
2023-04-26,7.76,7.97,8.01,7.74,10876.0
2023-04-27,7.94,8.0,8.06,7.86,9988.0
2023-04-28,7.92,8.17,8.17,7.92,10116.0
2023-05-04,8.16,8.3,8.33,8.16,9592.0
2023-05-05,8.34,8.32,8.36,8.21,7340.0
2023-05-08,8.31,8.38,8.45,8.31,6543.0
2023-05-09,8.42,8.33,8.43,8.23,8339.0
2023-05-10,8.3,8.35,8.4,8.26,5190.0
2023-05-11,8.36,8.43,8.48,8.33,6732.0
2023-05-12,8.42,8.33,8.45,8.31,5267.0
2023-05-15,8.37,8.45,8.45,8.35,8922.0
2023-05-16,8.48,8.41,8.48,8.38,5205.0
2023-05-17,8.46,8.51,8.53,8.42,6388.0
2023-05-18,8.54,8.51,8.57,8.46,5713.0
2023-05-19,8.54,8.52,8.56,8.45,5359.0
2023-05-22,8.52,8.65,8.68,8.46,8754.0
2023-05-23,8.68,8.73,8.8,8.63,7890.0
2023-05-24,8.53,8.7,8.77,8.53,5522.0
2023-05-25,8.67,8.66,8.74,8.55,6817.0
2023-05-26,8.68,8.7,8.77,8.57,7930.0
2023-05-29,8.74,8.81,8.88,8.72,13497.0
2023-05-30,8.79,8.8,8.86,8.71,9716.0
2023-05-31,8.8,8.69,8.82,8.66,8146.82
2023-06-01,8.81,8.74,8.82,8.63,8494.0
2023-06-02,8.75,8.7,8.8,8.69,6462.0
2023-06-05,8.72,8.8,8.81,8.67,9123.0
2023-06-06,8.82,8.57,8.82,8.55,6526.0
2023-06-07,8.6,8.58,8.67,8.5,4883.0
2023-06-08,8.57,8.53,8.57,8.48,5204.0
2023-06-09,8.54,8.47,8.55,8.39,5600.0
2023-06-12,8.46,8.56,8.6,8.4,6382.0
2023-06-13,8.54,8.7,8.88,8.52,15462.0
2023-06-14,8.79,8.77,8.84,8.68,9337.0
2023-06-15,8.77,8.88,8.93,8.73,14187.82
2023-06-16,8.92,8.81,8.94,8.8,12039.0
2023-06-19,8.84,8.78,8.92,8.75,13579.0
2023-06-20,8.78,8.75,8.81,8.72,7391.0
2023-06-21,8.75,8.75,8.84,8.68,9959.0
2023-06-26,8.75,8.55,8.75,8.54,10798.0
2023-06-27,8.59,8.84,8.84,8.49,13230.0
2023-06-28,8.87,8.9,8.92,8.69,12240.0
2023-06-29,8.92,9.01,9.01,8.86,12188.0
2023-06-30,9.01,9.03,9.08,8.99,11115.0
2023-07-03,9.02,9.05,9.22,9.02,14427.98
2023-07-04,9.19,9.12,9.19,8.96,10621.0
2023-07-05,9.12,9.1,9.19,9.08,9820.0
2023-07-06,9.1,9.14,9.17,9.05,10691.0
2023-07-07,9.13,9.07,9.13,9.02,11379.0
2023-07-10,9.1,9.04,9.14,9.0,8712.0
2023-07-11,9.13,9.22,9.24,9.08,14658.0
2023-07-12,9.24,9.15,9.28,9.13,10861.0
2023-07-13,9.23,9.22,9.23,9.14,11554.0
2023-07-14,9.17,9.21,9.27,9.17,9687.0
2023-07-17,9.26,9.2,9.27,9.11,8348.0
2023-07-18,9.2,9.2,9.26,9.15,10128.0
2023-07-19,9.24,9.2,9.26,9.13,8354.0
2023-07-20,9.23,9.08,9.23,9.02,8270.0
2023-07-21,9.08,9.11,9.24,8.99,13228.0
2023-07-24,9.11,9.04,9.17,9.01,6972.0
2023-07-25,9.11,9.18,9.26,9.06,8909.0
2023-07-26,9.18,9.24,9.26,9.14,7301.24
2023-07-27,9.21,9.23,9.35,9.18,11919.0
2023-07-28,9.13,9.2,9.29,8.98,12639.0
2023-07-31,9.17,9.04,9.21,8.99,15153.0
2023-08-01,9.04,9.11,9.11,9.01,10838.0
2023-08-02,9.07,9.23,9.23,8.98,10547.0
2023-08-03,9.22,9.06,9.22,9.02,10011.0
2023-08-04,9.1,8.96,9.1,8.91,15011.24
2023-08-07,8.96,8.9,9.01,8.84,11971.0
2023-08-08,8.9,8.98,9.0,8.87,8980.0
2023-08-09,8.9,8.81,8.92,8.77,8440.0
2023-08-10,8.81,8.94,8.97,8.75,6919.0
2023-08-11,8.93,8.9,9.07,8.88,7857.0
2023-08-14,8.96,8.91,8.96,8.69,8216.0
2023-08-15,8.88,8.85,8.93,8.78,6780.0
2023-08-16,8.87,8.84,8.93,8.78,6845.0
2023-08-17,8.81,8.99,9.0,8.7,8666.0
2023-08-18,9.02,8.99,9.11,8.95,15310.0
2023-08-21,8.95,8.93,9.09,8.93,8281.0
2023-08-22,9.0,8.7,9.0,8.55,17852.0
2023-08-23,8.72,8.57,8.72,8.53,6420.0
2023-08-24,8.63,8.57,8.65,8.46,6326.0
2023-08-25,8.49,8.44,8.69,8.38,8313.0
2023-08-28,8.87,8.68,9.1,8.66,22522.0
2023-08-29,8.6,9.0,9.03,8.6,25040.24
2023-08-30,9.08,9.05,9.2,8.98,19180.0
2023-08-31,9.01,9.02,9.11,8.96,12645.24
2023-09-01,9.03,9.11,9.12,8.96,13927.0
2023-09-04,9.13,9.26,9.28,9.1,19539.0
2023-09-05,9.28,9.28,9.3,9.2,13933.0
2023-09-06,9.18,9.41,9.42,9.18,19171.0
2023-09-07,9.39,9.3,9.41,9.23,14287.0
2023-09-08,9.2,9.28,9.3,9.17,12568.0
2023-09-11,9.33,9.34,9.44,9.18,20076.0
2023-09-12,9.38,9.23,9.38,9.17,9228.0
2023-09-13,9.2,9.14,9.26,9.06,11664.0
2023-09-14,9.1,9.05,9.14,9.01,9976.0
2023-09-15,9.11,9.03,9.13,8.96,11464.0
2023-09-18,8.97,9.32,9.46,8.96,23052.0
2023-09-19,9.32,9.17,9.32,9.12,12309.0
2023-09-20,9.2,9.11,9.22,9.08,10581.0
2023-09-21,9.01,9.06,9.19,9.01,10980.0
2023-09-22,9.05,9.17,9.17,8.95,13989.0
2023-09-25,9.17,9.08,9.19,9.04,9825.0
2023-09-26,9.04,9.08,9.13,9.0,8854.0
2023-09-27,9.02,9.12,9.16,8.92,11891.0
2023-09-28,9.13,9.21,9.23,9.08,12767.0
2023-10-09,9.22,9.08,9.23,9.02,12717.0
2023-10-10,9.11,9.07,9.23,9.03,11576.0
2023-10-11,9.01,9.0,9.08,8.95,16400.0
2023-10-12,8.99,9.05,9.08,8.93,10221.0
2023-10-13,9.05,8.92,9.08,8.88,11126.0
2023-10-16,8.93,8.96,9.02,8.83,11732.0
2023-10-17,8.99,8.93,8.99,8.87,9721.0
2023-10-18,8.9,8.76,8.98,8.73,8645.0
2023-10-19,8.71,8.81,8.96,8.63,14859.0
2023-10-20,8.79,8.75,8.92,8.72,10028.16
2023-10-23,8.76,8.52,8.85,8.43,11899.0
2023-10-24,8.49,8.86,8.93,8.48,14910.0
2023-10-25,8.9,8.86,9.0,8.86,9843.0
2023-10-26,8.86,8.97,8.98,8.73,14427.51
2023-10-27,9.04,9.14,9.14,8.92,13706.0
2023-10-30,9.05,9.1,9.14,8.99,15259.0
2023-10-31,9.09,9.14,9.17,9.0,10833.0
2023-11-01,9.14,9.29,9.31,9.08,16986.0
2023-11-02,9.3,9.21,9.31,9.17,10562.0
2023-11-03,9.21,9.32,9.38,9.19,14675.08
2023-11-06,9.32,9.29,9.43,9.22,17712.0
2023-11-07,9.28,9.44,9.51,9.21,19492.0
2023-11-08,9.39,9.36,9.5,9.31,10851.0
2023-11-09,9.37,9.33,9.4,9.28,12274.37
2023-11-10,9.33,9.34,9.39,9.14,14045.0
2023-11-13,9.39,9.51,9.51,9.33,17012.0
2023-11-14,9.51,9.48,9.56,9.44,12292.0
2023-11-15,9.53,9.52,9.54,9.45,8167.0
2023-11-16,9.52,9.43,9.52,9.43,8476.0
2023-11-17,9.49,9.79,9.88,9.41,29958.0
2023-11-20,9.75,9.7,9.96,9.64,27958.0
2023-11-21,9.66,9.84,10.07,9.65,26696.37
2023-11-22,9.83,9.73,9.88,9.7,16434.0
2023-11-23,9.69,9.73,9.83,9.65,13912.0
2023-11-24,9.73,9.61,9.75,9.56,13213.0
2023-11-27,9.59,9.55,9.66,9.48,18626.0
2023-11-28,9.55,9.79,9.83,9.51,24064.0
2023-11-29,9.83,9.76,9.9,9.74,13180.0
2023-11-30,9.79,9.73,9.85,9.59,10789.0
2023-12-01,9.72,9.56,9.72,9.56,12569.0
2023-12-04,9.64,9.73,9.77,9.61,13437.0
2023-12-05,9.73,9.64,9.92,9.59,21288.0
2023-12-06,9.59,9.8,9.91,9.58,17055.0
2023-12-07,9.85,9.72,9.85,9.59,12871.0
2023-12-08,9.7,9.37,9.73,9.35,16814.0
2023-12-11,9.34,9.53,9.6,9.28,17102.0
2023-12-12,9.56,9.65,9.73,9.42,13904.0
2023-12-13,9.63,9.7,9.79,9.59,9307.0
2023-12-14,9.7,9.66,9.79,9.62,8474.0
2023-12-15,9.65,9.61,9.73,9.59,7473.0
2023-12-18,9.61,9.45,9.64,9.41,11002.0
2023-12-19,9.47,9.59,9.6,9.39,9371.0
2023-12-20,9.56,9.55,9.76,9.51,13536.0
2023-12-21,9.55,9.73,9.74,9.33,19067.0
2023-12-22,9.73,9.41,9.76,9.37,19196.0
2023-12-25,9.45,9.35,9.45,9.23,15526.0
2023-12-26,9.28,9.33,9.38,9.22,9986.0
2023-12-27,9.33,9.35,9.4,9.22,9555.0
2023-12-28,9.35,9.93,10.28,9.26,74609.0
2023-12-29,9.93,10.0,10.12,9.76,70349.0
2024-01-02,9.97,10.22,10.42,9.97,64115.0
2024-01-03,10.21,10.09,10.25,9.97,40448.92
2024-01-04,10.07,10.02,10.1,9.93,23773.92
2024-01-05,10.05,9.72,10.08,9.65,30759.0
2024-01-08,9.72,9.63,9.87,9.62,28264.0
2024-01-09,9.66,9.78,9.84,9.61,23721.0
2024-01-10,9.79,9.66,9.79,9.5,18245.0
2024-01-11,9.65,9.84,9.85,9.59,15717.0
2024-01-12,9.82,9.79,9.91,9.75,14112.0
2024-01-15,9.75,9.75,9.83,9.68,11255.0
2024-01-16,9.79,9.64,9.79,9.47,13251.0
2024-01-17,9.59,9.36,9.7,9.35,16410.0
2024-01-18,9.35,9.11,9.36,8.85,24031.0
2024-01-19,9.11,8.93,9.11,8.87,14400.0
2024-01-22,8.89,8.2,8.93,8.16,20518.17
2024-01-23,8.2,8.06,8.28,7.82,23308.0
2024-01-24,8.04,8.17,8.27,7.83,18992.0
2024-01-25,8.16,8.6,8.61,8.1,22560.0
2024-01-26,8.61,8.66,8.81,8.57,18240.0
2024-01-29,8.73,8.4,8.73,8.37,15204.0
2024-01-30,8.31,8.13,8.52,8.12,13890.0
2024-01-31,8.01,7.57,8.1,7.57,23536.0
2024-02-01,7.62,7.18,7.62,7.12,28741.0
2024-02-02,7.19,6.74,7.45,6.49,33638.68
2024-02-05,6.61,6.07,6.62,6.07,33446.0
2024-02-06,5.73,5.76,6.0,5.46,51431.92
2024-02-07,5.76,5.49,5.78,5.25,54947.0
2024-02-08,5.45,6.04,6.04,5.33,34881.77
2024-02-19,6.17,6.26,6.39,6.1,40448.07
2024-02-20,6.26,6.89,6.89,6.21,47401.57
2024-02-21,6.98,6.75,7.16,6.75,50643.89
2024-02-22,6.73,6.86,6.93,6.67,29247.94
2024-02-23,6.92,7.23,7.27,6.85,35940.8
2024-02-26,7.22,7.31,7.46,7.12,26004.0
2024-02-27,7.3,7.57,7.62,7.24,16921.0
2024-02-28,7.7,6.91,7.7,6.9,27005.8
2024-02-29,6.85,7.16,7.16,6.85,21347.92
2024-03-01,7.16,7.16,7.22,7.07,13718.0
2024-03-04,7.17,7.18,7.24,7.0,13454.82
2024-03-05,7.18,7.03,7.2,6.96,14139.66
2024-03-06,6.97,7.12,7.18,6.97,10440.0
2024-03-07,7.14,7.11,7.26,7.07,9179.0
2024-03-08,7.11,7.18,7.21,7.07,8879.0
2024-03-11,7.2,7.45,7.46,7.17,13810.2
2024-03-12,7.47,7.57,7.81,7.43,18811.96
2024-03-13,7.57,7.55,7.63,7.48,11340.96
2024-03-14,7.52,7.62,7.73,7.48,15042.0
2024-03-15,7.59,7.71,7.84,7.56,15654.0
2024-03-18,7.83,8.49,8.49,7.68,28674.0
2024-03-19,9.11,8.63,9.33,8.58,128903.82
2024-03-20,8.28,8.4,8.53,8.25,94850.82
2024-03-21,8.33,8.19,8.4,8.09,65332.12
2024-03-22,8.19,7.98,8.23,7.98,36846.2
2024-03-25,7.98,7.62,8.02,7.61,39728.02
2024-03-26,7.57,7.77,7.83,7.56,28337.08
2024-03-27,7.78,7.65,7.88,7.63,20099.0
2024-03-28,7.58,7.77,7.89,7.57,25830.0
2024-03-29,7.8,8.22,8.55,7.71,65601.2
2024-04-01,8.1,8.25,8.53,8.03,50498.2
2024-04-02,8.37,8.45,8.49,8.16,43233.81
2024-04-03,8.39,8.33,8.43,8.25,24461.0
2024-04-08,8.31,7.98,8.37,7.95,20209.66
2024-04-09,8.06,8.29,8.4,7.93,22651.92
2024-04-10,8.29,8.16,8.46,8.03,24348.0
2024-04-11,8.08,8.07,8.25,7.96,13394.0
2024-04-12,8.07,8.02,8.21,7.97,14806.0
2024-04-15,7.92,7.41,8.04,7.29,29715.82
2024-04-16,7.48,6.87,7.48,6.79,22401.44
2024-04-17,6.94,7.53,7.55,6.94,22725.0
2024-04-18,7.45,7.35,7.58,7.33,17274.0
2024-04-19,7.36,7.33,7.51,7.26,10500.0
2024-04-22,7.41,7.28,7.42,7.07,13484.12
2024-04-23,7.27,7.45,7.57,7.22,14244.0
2024-04-24,7.45,7.66,7.68,7.44,11971.0
2024-04-25,7.66,7.68,7.74,7.56,9773.0
2024-04-26,7.7,7.93,7.93,7.66,16390.0
2024-04-29,7.93,8.1,8.1,7.82,17053.0
2024-04-30,8.22,8.9,8.9,8.1,64709.0
2024-05-06,9.35,9.79,9.79,9.33,52052.51
2024-05-07,10.77,10.77,10.77,10.77,20867.0
2024-05-08,11.85,11.85,11.85,11.85,26005.2
2024-05-09,11.22,10.67,12.37,10.67,314510.24
2024-05-10,9.61,9.6,9.96,9.6,215458.53
2024-05-13,9.14,8.9,9.15,8.84,156333.23
2024-05-14,8.88,8.95,9.02,8.79,95708.55
2024-05-15,8.91,8.78,8.91,8.75,73519.0
2024-05-16,8.79,8.81,8.85,8.76,58913.37
2024-05-17,8.73,8.87,8.93,8.69,71172.94
2024-05-20,8.97,8.99,9.05,8.81,80110.0
2024-05-21,9.0,8.78,9.02,8.75,56278.37
2024-05-22,8.77,8.68,8.86,8.57,60125.3
2024-05-23,8.67,8.36,8.69,8.36,58274.0
2024-05-24,8.37,8.41,8.52,8.31,41147.3
2024-05-27,8.4,8.44,8.47,8.27,38283.0
2024-05-28,8.46,8.31,8.48,8.26,26712.0
2024-05-29,8.32,8.38,8.43,8.29,27947.0
2024-05-30,8.37,8.33,8.46,8.31,23685.0
2024-05-31,8.35,8.42,8.46,8.29,33585.0
2024-06-03,8.43,8.19,8.43,8.1,32122.0
2024-06-04,8.13,8.1,8.19,7.95,26340.96
2024-06-05,8.04,7.92,8.13,7.92,19788.0
2024-06-06,7.98,7.66,8.02,7.56,36900.0
2024-06-07,7.73,7.83,7.83,7.62,22249.0
2024-06-11,7.8,7.95,7.95,7.71,22742.37
2024-06-12,7.88,8.12,8.16,7.86,28120.0
2024-06-13,8.13,7.96,8.15,7.93,23575.0
2024-06-14,7.95,8.08,8.1,7.78,21291.25
2024-06-17,8.29,7.95,8.3,7.94,26643.25
2024-06-18,7.91,8.1,8.11,7.87,19751.96
2024-06-19,8.12,8.19,8.22,8.04,31058.59
2024-06-20,8.2,7.86,8.21,7.86,30651.96
2024-06-21,7.96,7.81,7.98,7.57,22990.5
2024-06-24,7.72,7.55,7.81,7.49,27701.4
2024-06-25,7.53,7.65,7.72,7.53,20082.36
2024-06-26,7.7,7.87,7.9,7.52,25796.2
2024-06-27,7.84,7.67,7.93,7.67,19226.0
2024-06-28,7.64,7.7,7.83,7.64,18225.6
2024-07-01,7.68,7.79,7.8,7.64,16856.4
2024-07-02,7.73,7.82,7.84,7.72,16051.9
2024-07-03,7.83,7.69,7.83,7.68,15554.6
2024-07-04,7.68,7.44,7.74,7.44,20787.9
2024-07-05,7.41,7.48,7.53,7.34,16097.1
2024-07-08,7.48,7.27,7.48,7.24,17467.6
2024-07-09,7.22,7.35,7.36,7.13,21416.5
2024-07-10,7.34,7.29,7.37,7.26,14846.6
2024-07-11,7.37,7.53,7.54,7.37,18104.6
2024-07-12,7.52,7.47,7.61,7.43,16543.9
2024-07-15,7.47,7.28,7.48,7.23,18144.9
2024-07-16,7.37,7.26,7.37,7.19,10838.3
2024-07-17,7.23,7.1,7.26,7.09,13833.6
2024-07-18,7.1,7.03,7.1,6.91,14670.5
2024-07-19,7.02,7.13,7.19,7.0,16736.6
2024-07-22,7.14,7.16,7.22,7.09,12745.1
2024-07-23,7.19,7.01,7.21,6.99,16819.7
2024-07-24,6.98,6.92,7.1,6.89,12902.8
2024-07-25,6.97,7.0,7.08,6.84,12250.7
2024-07-26,7.02,7.18,7.18,7.01,16166.7
2024-07-29,7.22,7.16,7.22,7.1,9363.7
2024-07-30,7.17,7.22,7.25,7.1,12968.9
2024-07-31,7.22,7.42,7.43,7.21,20958.3
2024-08-01,7.44,7.46,7.52,7.37,18924.5
2024-08-02,7.47,7.37,7.51,7.35,17114.2
2024-08-05,7.37,7.23,7.45,7.23,20822.6
2024-08-06,7.27,7.39,7.39,7.26,14542.4
2024-08-07,7.36,7.41,7.52,7.36,17695.7
2024-08-08,7.37,7.39,7.43,7.26,13626.5
2024-08-09,7.5,7.39,7.53,7.39,14975.7
2024-08-12,7.37,7.36,7.44,7.32,11587.65
2024-08-13,7.36,7.44,7.45,7.27,13559.4
2024-08-14,7.44,7.37,7.5,7.37,13861.65
2024-08-15,7.39,7.42,7.44,7.3,11667.8
2024-08-16,7.44,7.4,7.48,7.38,10960.0
2024-08-19,7.36,7.36,7.51,7.34,10524.1
2024-08-20,7.36,7.25,7.38,7.22,14251.5
2024-08-21,7.26,7.32,7.37,7.21,12413.9
2024-08-22,7.31,7.17,7.37,7.16,13121.1
2024-08-23,7.15,7.06,7.18,7.01,10767.2
2024-08-26,7.07,7.26,7.26,7.03,16706.2
2024-08-27,7.22,7.18,7.27,7.12,11366.5
2024-08-28,7.14,7.25,7.27,7.05,9789.9
2024-08-29,7.22,7.22,7.26,7.07,19129.5
2024-08-30,7.18,7.27,7.33,7.18,21871.1
2024-09-02,7.4,7.39,7.56,7.32,46470.6
2024-09-03,7.38,7.21,7.42,7.17,31772.1
2024-09-04,7.16,7.3,7.64,7.13,37640.4
2024-09-05,7.26,7.34,7.42,7.21,28268.3
2024-09-06,7.33,7.09,7.34,7.05,34262.2
2024-09-09,7.06,7.16,7.24,7.03,20781.58
2024-09-10,7.22,7.2,7.22,7.1,12880.9
2024-09-11,7.15,7.09,7.22,7.06,13762.2
2024-09-12,7.1,7.07,7.17,7.05,10712.2
2024-09-13,7.07,6.94,7.07,6.92,13198.3
2024-09-18,7.05,6.94,7.16,6.85,13460.97
2024-09-19,6.93,7.1,7.12,6.89,15205.47
2024-09-20,7.07,7.08,7.13,7.02,10717.8
2024-09-23,7.08,6.99,7.09,6.99,9322.6
2024-09-24,7.04,7.16,7.17,7.0,15705.4
2024-09-25,7.38,7.22,7.38,7.2,34680.5
2024-09-26,7.27,7.37,7.37,7.2,24206.95
2024-09-27,7.44,7.61,7.63,7.41,27731.8
2024-09-30,7.91,8.21,8.27,7.66,99186.2
2024-10-08,8.98,8.47,8.99,8.23,118346.1
2024-10-09,8.37,7.78,8.37,7.77,69669.3
2024-10-10,7.78,7.91,8.02,7.74,38400.6
2024-10-11,7.84,7.67,7.97,7.62,31577.4
2024-10-14,7.69,7.83,7.87,7.66,24266.0
2024-10-15,7.78,7.78,7.89,7.74,23136.2
2024-10-16,7.83,8.06,8.11,7.82,50263.5
2024-10-17,8.09,7.87,8.11,7.8,39804.67
2024-10-18,7.86,7.97,8.05,7.71,44099.33
2024-10-21,8.0,8.05,8.11,7.93,40187.54
2024-10-22,8.04,8.1,8.1,8.0,32781.92
2024-10-23,8.03,8.09,8.16,8.01,35354.7
2024-10-24,8.04,8.09,8.14,8.02,29482.0
2024-10-25,8.13,8.27,8.27,8.05,49871.4
2024-10-28,8.29,8.36,8.36,8.23,46956.7
2024-10-29,8.4,8.11,8.41,8.09,47986.1
2024-10-30,8.05,8.2,8.2,8.05,27401.1
2024-10-31,8.19,8.36,8.54,8.12,51436.55
2024-11-01,8.31,8.09,8.39,8.06,47100.3
2024-11-04,8.11,8.23,8.28,8.01,33216.3
2024-11-05,8.23,8.35,8.35,8.21,49128.5
2024-11-06,8.4,8.31,8.42,8.26,42602.68
2024-11-07,8.27,8.6,8.61,8.26,68550.1
2024-11-08,8.62,8.97,9.42,8.49,139689.39
2024-11-11,8.99,9.87,9.87,8.99,114820.19
2024-11-12,10.7,10.02,10.86,9.88,283625.75
2024-11-13,9.98,9.82,10.78,9.6,233321.43
2024-11-14,9.65,9.5,10.11,9.42,162689.29
2024-11-15,9.4,9.11,9.75,9.1,111013.13
2024-11-18,9.17,8.82,9.34,8.75,86985.1
2024-11-19,8.76,9.08,9.11,8.76,65635.7
2024-11-20,9.0,9.36,9.55,8.92,101985.85
2024-11-21,9.32,9.22,9.44,9.1,67479.98
2024-11-22,9.25,8.85,9.38,8.83,65453.21
2024-11-25,8.86,9.15,9.15,8.86,49554.24
2024-11-26,9.06,8.96,9.17,8.94,34518.5
2024-11-27,8.9,8.97,8.97,8.6,41805.9
2024-11-28,8.99,9.08,9.15,8.93,37847.0
2024-11-29,9.11,9.24,9.29,9.0,48631.6
2024-12-02,9.38,9.43,9.44,9.21,53761.3
2024-12-03,9.44,9.57,9.74,9.39,70513.8
2024-12-04,9.59,9.45,9.81,9.41,63018.8
2024-12-05,9.47,9.42,9.51,9.38,43590.6
2024-12-06,9.43,9.48,9.49,9.28,44984.1
2024-12-09,9.49,9.95,10.38,9.45,124718.4
2024-12-10,10.08,9.8,10.16,9.77,94941.49
2024-12-11,9.7,9.82,9.94,9.69,39655.0
2024-12-12,9.87,9.84,9.87,9.65,46061.8
2024-12-13,9.83,9.61,9.84,9.6,42251.2
2024-12-16,9.69,9.58,9.7,9.48,31215.0
2024-12-17,9.58,9.07,9.66,9.0,46866.4
2024-12-18,9.12,9.09,9.17,8.91,31693.0
2024-12-19,8.92,9.03,9.08,8.85,29827.04
2024-12-20,9.03,9.15,9.21,9.03,22131.14
2024-12-23,9.15,8.67,9.22,8.62,34669.3
2024-12-24,8.66,8.74,8.82,8.52,23656.2
2024-12-25,8.68,8.45,8.79,8.34,23338.5
2024-12-26,8.5,8.4,8.64,8.38,32395.6
2024-12-27,8.46,8.63,8.75,8.38,41780.8
2024-12-30,8.54,8.36,8.61,8.33,43419.8
2024-12-31,8.38,8.19,8.47,8.16,32213.4
2025-01-02,8.21,8.09,8.35,8.01,30216.2
2025-01-03,8.11,7.74,8.16,7.73,32077.2
2025-01-06,7.76,7.73,7.84,7.38,28565.0
2025-01-07,7.79,8.06,8.06,7.75,27771.0
2025-01-08,7.96,7.9,8.05,7.7,24510.0
2025-01-09,7.89,7.96,8.02,7.82,18540.5
2025-01-10,7.97,7.8,8.01,7.79,23418.9
2025-01-13,7.8,7.94,7.98,7.6,28294.1
2025-01-14,7.9,8.22,8.23,7.9,40357.4
2025-01-15,8.18,8.11,8.23,8.03,30442.9
2025-01-16,8.16,8.11,8.26,8.02,25404.9
2025-01-17,8.09,8.92,8.92,8.03,65340.8
2025-01-20,9.81,9.81,9.81,9.81,29730.4
2025-01-21,10.79,10.79,10.79,10.79,125975.54
2025-01-22,11.86,11.86,11.86,11.5,177274.21
2025-01-23,13.05,13.05,13.05,13.05,37530.35
2025-01-24,14.36,14.36,14.36,14.36,35553.4
2025-01-27,15.79,12.92,15.79,12.92,482524.7
2025-02-05,11.63,11.63,11.63,11.63,18974.0
2025-02-06,10.56,10.96,11.45,10.56,494983.82
2025-02-07,10.58,10.99,11.27,10.25,422173.32
2025-02-10,10.68,10.81,10.86,10.61,269234.79
2025-02-11,10.8,10.66,10.83,10.63,170974.4
2025-02-12,10.63,10.76,10.77,10.55,159593.8
2025-02-13,10.74,10.68,10.97,10.66,185840.28
2025-02-14,10.63,10.21,10.67,10.16,188035.39
2025-02-17,10.19,10.35,10.36,10.18,133013.85
2025-02-18,10.38,10.03,10.39,10.03,110035.9
2025-02-19,10.03,10.3,10.31,10.03,103878.9
2025-02-20,10.29,10.45,10.47,10.22,111450.0
2025-02-21,10.41,10.45,10.54,10.28,111849.85
2025-02-24,10.46,10.4,10.53,10.29,81101.99
2025-02-25,10.24,10.37,10.56,10.22,82489.7
2025-02-26,10.37,10.38,10.49,10.29,70875.8
2025-02-27,10.35,10.35,10.42,10.16,78287.9
2025-02-28,10.34,10.07,10.34,10.07,73199.5
2025-03-03,10.21,10.35,10.36,10.11,73856.5
2025-03-04,10.33,10.55,10.55,10.24,101562.0
2025-03-05,10.55,10.46,10.57,10.3,74665.6
2025-03-06,10.46,10.5,10.54,10.43,83164.21
2025-03-07,10.48,10.62,10.96,10.43,175936.16
2025-03-10,10.56,10.57,10.67,10.46,75349.61
2025-03-11,10.46,10.58,10.58,10.38,68424.1
2025-03-12,10.58,10.7,10.78,10.58,85112.3
2025-03-13,10.68,10.58,10.68,10.39,66189.2
2025-03-14,10.53,10.69,10.73,10.42,78931.4
2025-03-17,10.76,10.73,10.77,10.66,61019.2
2025-03-18,10.76,10.8,10.83,10.59,64592.49
2025-03-19,10.76,10.7,10.83,10.62,58508.0
2025-03-20,10.68,10.6,10.74,10.54,51967.09
2025-03-21,10.56,10.4,10.6,10.35,56494.5
2025-03-24,10.39,10.18,10.43,9.95,65890.8
2025-03-25,10.24,10.33,10.43,10.06,54254.9
2025-03-26,10.26,10.59,10.64,10.26,68596.9
2025-03-27,10.66,11.65,11.65,10.48,222387.29
2025-03-28,11.86,11.57,12.81,11.5,436738.21
2025-03-31,11.11,10.92,11.67,10.7,261178.93
2025-04-01,10.88,11.52,11.7,10.56,285631.73
2025-04-02,11.62,11.22,11.81,11.08,221301.6
2025-04-03,11.05,11.3,11.36,10.98,166714.35
2025-04-07,10.17,10.17,10.38,10.17,51749.9
2025-04-08,9.25,9.16,9.65,9.16,128218.2
2025-04-09,8.56,8.99,9.18,8.24,181050.72
2025-04-10,9.12,9.2,9.48,9.01,137120.02
2025-04-11,9.04,9.37,9.57,9.04,105417.4
2025-04-14,9.64,9.44,9.69,9.38,78374.4
2025-04-15,9.48,9.56,9.65,9.41,74108.7
2025-04-16,9.71,9.31,9.85,9.21,82597.7
2025-04-17,9.26,10.24,10.24,9.17,64704.6
2025-04-18,10.36,10.27,10.85,10.26,257074.0
2025-04-21,10.27,10.42,10.52,10.02,165164.5
2025-04-22,10.28,10.5,10.63,10.15,162050.4
2025-04-23,10.51,10.36,10.52,10.31,103096.5
2025-04-24,10.25,10.27,10.44,10.16,82165.5
2025-04-25,10.34,10.1,10.34,10.08,66535.8
2025-04-28,9.99,9.91,10.04,9.79,77321.1
2025-04-29,9.83,9.89,10.07,9.83,46256.7
2025-04-30,9.89,10.02,10.16,9.89,72831.3
2025-05-06,10.12,10.38,10.38,10.12,65944.6
2025-05-07,10.5,10.62,10.76,10.46,92020.5
2025-05-08,10.57,10.78,10.83,10.48,75277.4
2025-05-09,10.83,10.54,10.83,10.46,54998.2
2025-05-12,10.63,10.59,10.73,10.56,46941.9
2025-05-13,10.76,10.59,10.85,10.56,53311.6
2025-05-14,10.59,10.54,10.73,10.52,44002.0
2025-05-15,10.54,10.46,10.58,10.39,43227.2
2025-05-16,10.45,10.6,10.65,10.41,44183.2
2025-05-19,10.63,10.6,10.63,10.37,32452.2
2025-05-20,10.52,10.55,10.65,10.46,50338.1
2025-05-21,10.55,10.45,10.6,10.25,53266.2
2025-05-22,10.34,10.17,10.53,10.16,39763.2
2025-05-23,10.15,10.26,10.63,10.09,76094.1
2025-05-26,10.13,10.47,10.5,10.13,58959.3
2025-05-27,10.39,10.35,10.44,10.25,37289.82
2025-05-28,10.33,10.04,10.42,9.99,50686.3
2025-05-29,9.98,10.22,10.28,9.93,42341.0
2025-05-30,10.18,9.91,10.19,9.85,53354.3
2025-06-03,9.82,10.12,10.18,9.8,44990.3
2025-06-04,10.13,10.28,10.31,10.04,34979.4
2025-06-05,10.23,10.54,10.56,10.2,69554.7
2025-06-06,10.53,10.75,11.6,10.44,244677.42
2025-06-09,10.75,10.68,10.78,10.52,144277.34
2025-06-10,10.69,10.56,10.73,10.38,97054.08
2025-06-11,10.59,10.54,10.63,10.5,57355.5
2025-06-12,10.53,10.65,10.66,10.44,68468.7
2025-06-13,10.74,11.72,11.72,10.48,257162.69
2025-06-16,11.5,12.35,12.89,11.32,483767.07
2025-06-17,11.94,11.44,11.94,11.26,307486.81
2025-06-18,11.34,11.29,11.5,11.01,195348.65
2025-06-19,11.21,12.43,12.43,10.99,290796.32
2025-06-20,12.95,13.67,13.67,12.65,395503.2
2025-06-23,14.77,15.04,15.04,13.42,283080.92
2025-06-24,16.54,16.54,16.54,16.54,69307.17
2025-06-25,18.19,18.19,18.19,16.88,578517.16
2025-06-26,18.37,16.98,20.01,16.91,619130.83
2025-06-27,17.41,17.9,18.61,15.79,628478.65
2025-06-30,17.88,19.69,19.69,17.88,534371.77
2025-07-01,20.0,20.16,21.66,18.95,675723.34
2025-07-02,19.3,21.79,22.18,19.06,595240.54
2025-07-03,20.91,19.61,21.18,19.61,555787.9
2025-07-04,18.51,17.65,18.92,17.65,410188.88
2025-07-07,16.92,16.73,17.43,16.69,330959.0
2025-07-08,16.73,16.77,16.9,16.56,233453.01
2025-07-09,16.69,16.33,16.69,16.22,216299.2
2025-07-10,16.33,16.17,16.38,16.04,140076.87
2025-07-11,16.17,16.05,16.17,15.89,115503.97
2025-07-14,16.12,15.94,16.13,15.87,92258.3
2025-07-15,16.01,15.7,16.01,15.54,104406.99
2025-07-16,15.71,15.7,15.8,15.6,73257.0
2025-07-17,15.62,15.72,15.74,15.54,87033.89
2025-07-18,15.72,15.62,15.8,15.51,88709.34
2025-07-21,15.62,15.71,15.89,15.55,98059.6
2025-07-22,15.72,15.47,15.73,15.4,93403.1
2025-07-23,15.42,15.29,15.46,15.29,70354.4
2025-07-24,15.3,15.34,15.45,15.3,50384.4
2025-07-25,15.38,15.44,15.54,15.31,62657.09
2025-07-28,15.47,15.58,15.72,15.38,77628.7
2025-07-29,15.58,15.34,15.58,15.2,79165.8
2025-07-30,15.34,15.36,15.41,15.17,61285.3
2025-07-31,15.35,15.13,15.42,15.07,56719.5
2025-08-01,15.13,15.17,15.2,15.05,35459.3
2025-08-04,15.17,15.39,15.39,15.06,55131.2
2025-08-05,15.42,15.55,15.55,15.35,62375.0
2025-08-06,15.42,15.51,15.77,15.13,87048.3
2025-08-07,15.46,15.65,15.7,15.37,86675.36
2025-08-08,15.71,15.59,15.73,15.45,67570.58
2025-08-11,15.62,15.76,15.76,15.52,75391.5
2025-08-12,15.8,15.7,15.91,15.54,81424.54
2025-08-13,15.67,15.58,15.84,15.58,68432.0
2025-08-14,15.55,15.29,15.78,15.28,89125.6
2025-08-15,15.32,15.87,15.93,15.23,182239.6
2025-08-18,16.11,15.93,16.18,15.86,149252.3
2025-08-19,15.87,15.98,16.06,15.72,92888.84
2025-08-20,16.28,17.58,17.58,16.28,158187.5
2025-08-21,18.09,18.21,19.34,18.09,509592.96
2025-08-22,17.7,18.09,18.72,16.89,293831.17
2025-08-25,18.09,17.81,18.11,17.56,212202.59
2025-08-26,17.85,17.11,17.86,17.07,164761.39
2025-08-27,17.24,17.47,17.72,16.96,171223.56
2025-08-28,17.31,17.01,17.31,16.48,140272.7
2025-08-29,17.0,17.36,18.39,16.76,135834.6
2025-09-01,17.6,18.4,18.69,17.24,262202.73
2025-09-02,18.04,16.82,18.06,16.75,196874.09
2025-09-03,16.86,17.15,17.79,16.2,159858.69
2025-09-04,16.83,15.58,16.98,15.44,147745.8
2025-09-05,15.62,16.19,16.31,15.54,113782.98
2025-09-08,16.12,16.45,16.49,15.97,81028.3
2025-09-09,16.4,15.82,16.4,15.74,77237.87
2025-09-10,15.82,15.7,15.98,15.59,51365.64
2025-09-11,15.63,15.93,15.95,15.41,54385.6
2025-09-12,15.83,15.83,15.92,15.7,50310.41
2025-09-15,15.75,15.8,16.01,15.65,43841.0
2025-09-16,15.74,15.96,16.13,15.68,66391.5
2025-09-17,15.94,16.08,16.31,15.87,69943.2
2025-09-18,16.18,16.01,17.05,15.81,119607.19
2025-09-19,15.82,15.94,16.47,15.77,82760.5
2025-09-22,15.8,15.86,15.96,15.58,56151.4
2025-09-23,15.83,16.09,16.09,15.19,76863.9
2025-09-24,16.16,16.49,16.66,15.9,148950.0
2025-09-25,16.4,16.53,16.84,16.36,112356.55
2025-09-26,16.4,16.16,16.65,16.16,75126.4
2025-09-29,16.14,15.76,16.35,15.71,81673.3
2025-09-30,15.78,15.66,16.09,15.66,74414.0
2025-10-09,15.63,15.62,15.8,15.51,52944.8
2025-10-10,15.56,15.89,16.27,15.52,75152.2
2025-10-13,15.41,16.64,16.65,15.19,162475.6
2025-10-14,16.66,16.35,16.74,15.93,107590.3
2025-10-15,16.18,16.03,16.29,15.6,58880.3
2025-10-16,17.63,16.15,17.63,15.81,134609.1
2025-10-17,16.0,15.3,16.05,15.28,81060.26
2025-10-20,15.31,14.92,15.4,14.89,59886.0
2025-10-21,14.93,14.97,15.06,14.71,43891.83
2025-10-22,14.84,14.87,14.96,14.76,25697.1
2025-10-23,14.75,14.85,15.03,14.59,34893.0
2025-10-24,14.78,14.9,14.98,14.78,26923.9
2025-10-27,15.46,15.19,15.69,15.17,73983.8
2025-10-28,14.85,14.97,15.18,14.85,43560.93
2025-10-29,15.09,15.07,15.1,14.9,29301.76
2025-10-30,15.21,15.0,15.45,14.95,39801.93
2025-10-31,14.99,15.19,15.2,14.94,33064.63
2025-11-03,15.11,15.22,15.23,15.0,27808.6
2025-11-04,15.22,15.1,15.28,15.04,25505.0
2025-11-05,15.08,15.19,15.25,15.0,24762.0
2025-11-06,15.15,15.22,15.25,15.08,25241.3
2025-11-07,15.21,15.25,15.31,15.11,26096.1
2025-11-10,15.42,15.34,15.48,15.27,32659.0
2025-11-11,15.29,15.51,15.53,15.29,37856.8
2025-11-12,15.51,15.42,15.51,15.26,29387.7
2025-11-13,15.42,15.54,15.73,15.39,32376.9
2025-11-14,15.45,15.5,15.65,15.44,31895.6
2025-11-17,15.58,15.66,15.74,15.54,37422.3
2025-11-18,15.6,15.37,15.97,15.37,54405.4
2025-11-19,15.38,15.86,16.15,15.22,106493.0
2025-11-20,15.84,16.35,16.5,15.66,137336.36
2025-11-21,16.1,16.73,16.73,15.7,215439.86
2025-11-24,16.88,16.66,16.98,16.37,164037.3
2025-11-25,16.67,16.33,16.67,15.98,139103.8
2025-11-26,16.2,15.7,16.28,15.65,113608.7
2025-11-27,15.7,16.02,16.49,15.63,97817.5
2025-11-28,15.94,15.52,16.02,15.5,84500.6
2025-12-01,15.62,17.07,17.07,15.55,263674.8
2025-12-02,16.85,16.7,17.19,16.62,240081.1
2025-12-03,16.86,17.21,17.46,16.43,229458.9
2025-12-04,16.9,16.56,17.0,16.47,122570.0
2025-12-05,16.56,16.61,17.25,16.5,135612.6
2025-12-08,16.61,16.84,17.0,16.42,119173.6
2025-12-09,16.68,17.35,17.35,16.65,183233.26
2025-12-10,17.19,17.03,17.33,16.85,113474.4
2025-12-11,16.95,17.72,18.22,16.6,247738.06
2025-12-12,17.48,17.34,18.19,17.28,176463.9
2025-12-15,16.98,17.78,18.02,16.81,181661.6
2025-12-16,17.7,16.7,17.7,16.01,179686.6
2025-12-17,16.3,15.68,16.57,15.25,142638.9
2025-12-18,15.1,15.29,16.79,15.09,141728.1
2025-12-19,15.41,15.15,15.64,15.01,94981.0
2025-12-22,15.19,16.67,16.67,15.1,181013.1
2025-12-23,16.7,16.77,17.33,16.45,230343.0
2025-12-24,16.81,17.06,17.25,16.61,140057.4
2025-12-25,17.0,16.94,17.15,16.79,99633.3
2025-12-26,16.95,16.76,17.01,16.57,82660.3
2025-12-29,16.76,16.41,16.78,16.32,74866.0
2025-12-30,16.42,16.03,16.42,16.03,59095.0
2025-12-31,16.0,16.05,16.13,15.7,57677.8
2026-01-05,16.35,16.48,16.95,16.13,96076.6
2026-01-06,16.4,16.51,16.81,16.4,76117.3
2026-01-07,16.86,17.42,18.16,16.86,324019.11
2026-01-08,17.51,17.5,17.86,17.42,224988.3
2026-01-09,17.45,17.51,17.65,17.2,143294.5
2026-01-12,17.54,17.44,17.65,17.23,108794.7
2026-01-13,17.45,17.16,17.72,17.05,102292.0
2026-01-14,17.08,17.06,17.39,16.8,113015.6
2026-01-15,17.05,17.4,17.57,16.89,105565.7
2026-01-16,17.54,17.39,17.6,17.06,95954.6
2026-01-19,17.41,17.46,17.6,17.25,69228.3
2026-01-20,17.57,17.38,17.6,17.07,77061.3
2026-01-21,17.44,17.34,17.45,16.98,58280.9
2026-01-22,17.42,17.24,17.53,17.17,60395.1
2026-01-23,17.34,17.6,17.6,17.19,91649.5
2026-01-26,17.6,16.23,17.61,16.23,154864.0
2026-01-27,16.16,16.34,16.45,15.64,80406.3
2026-01-28,16.36,15.95,16.38,15.81,64310.6
2026-01-29,15.85,15.62,16.12,15.51,63698.9
2026-01-30,15.74,15.98,16.06,15.6,71772.0
2026-02-02,15.82,15.56,16.06,15.51,54645.8
2026-02-03,15.65,15.86,15.88,15.5,43155.5
2026-02-04,15.81,15.75,15.96,15.65,39891.5
2026-02-05,15.65,15.49,15.8,15.47,34850.8
2026-02-06,15.41,15.85,15.96,15.32,52594.5
2026-02-09,15.99,15.96,16.05,15.85,34332.2
2026-02-10,15.96,15.98,16.19,15.86,32363.3
2026-02-11,15.92,15.94,16.09,15.86,26083.0
2026-02-12,15.89,15.91,16.04,15.75,30008.0
2026-02-13,15.87,15.9,16.1,15.86,25208.5
2026-02-24,15.99,16.3,16.33,15.95,43960.0
2026-02-25,16.33,16.29,16.37,16.21,44351.09
2026-02-26,16.34,16.48,16.52,16.28,43007.5
2026-02-27,16.37,16.45,16.46,16.24,36758.11
2026-03-02,15.96,15.97,16.41,15.79,48840.0
2026-03-03,15.99,15.54,16.46,15.51,69354.0
2026-03-04,15.4,15.27,15.63,15.2,47609.0
2026-03-05,15.56,15.61,15.75,15.48,35101.1
2026-03-06,15.56,15.71,15.75,15.51,25210.5
2026-03-09,15.71,15.73,15.87,15.48,41907.98
2026-03-10,15.74,16.09,16.15,15.74,34029.5
2026-03-11,16.11,15.93,16.2,15.89,30663.0
2026-03-12,15.97,15.73,16.03,15.71,28076.0
2026-03-13,15.73,15.63,15.85,15.6,27162.0
2026-03-16,15.59,15.59,15.72,15.35,26891.3
2026-03-17,15.59,15.0,15.69,15.0,38003.0
2026-03-18,15.0,15.24,15.24,14.84,31248.3
2026-03-19,15.06,14.9,15.16,14.84,28329.3
2026-03-20,14.88,14.65,15.26,14.65,39957.5
2026-03-23,14.4,13.77,14.56,13.63,47086.8
2026-03-24,13.98,14.29,14.31,13.86,42069.9
2026-03-25,14.6,14.42,14.6,14.32,24534.5
2026-03-26,14.4,14.22,14.58,14.15,23378.9
2026-03-27,14.1,14.45,14.55,13.98,25643.3
2026-03-30,14.33,14.54,14.58,14.22,25702.0
2026-03-31,14.55,14.3,14.61,14.28,24561.7
2026-04-01,14.42,14.45,14.58,14.36,21036.5
2026-04-02,14.45,14.22,14.53,14.1,20464.9
2026-04-03,14.23,14.18,14.3,14.06,19966.0
